[Params]
Version=106
Monitor=34
SMode=111111100
Date=20130205
StartTime=15:46:20.0
Length=01:06:18.9
Interval=1
Upper1=0
Lower1=0
Upper2=0
Lower2=0
Upper3=180
Lower3=170
Timer1=00:00:00.0
Timer2=00:00:00.0
Timer3=00:00:00.0
ActiveLimit=0
MaxHR=195
RestHR=46
StartDelay=0
VO2max=48
Weight=66

[Note]

[IntTimes]
00:09:59.0	117	91	127	153
0	0	0	124	41	309
0	0	0	0	0
0	2181	68	0	0	0
0	0	0	0	0	0
00:10:00.0	115	91	127	153
0	0	0	119	0	309
0	0	0	0	0
33554432	2184	0	0	0	0
500	0	0	0	0	0
00:20:10.0	173	109	161	177
0	0	0	112	62	307
0	0	0	0	0
0	3461	22	0	0	0
0	0	0	0	0	0
00:25:02.0	119	111	126	172
0	0	0	190	54	308
0	0	0	0	0
0	764	133	0	0	0
0	0	0	0	0	0
00:35:16.0	174	119	167	179
0	0	0	121	52	309
0	0	0	0	0
0	3500	70	0	0	0
0	0	0	0	0	0
00:50:00.0	134	109	153	179
0	0	0	178	0	310
0	0	0	0	0
33554432	10840	0	0	0	0
500	0	0	0	0	0
01:00:00.0	150	112	139	175
0	0	0	66	0	312
0	0	0	0	0
33554432	1741	0	0	0	0
500	0	0	0	0	0
01:06:18.9	108	105	139	177
0	0	0	64	123	313
0	0	0	0	0
0	5668	0	80	0	0
0	0	0	0	0	0

[IntNotes]
1	
2	
3	
4	
5	
6	
7	
8	

[ExtraData]

[LapNames]
1	1	
2	4	
3	1	
4	1	
5	1	
6	4	c
7	4	
8	1	

[Summary-123]
3978	0	3978	0	0	0
195	0	0	46
3978	0	3978	0	0	0
195	0	0	46
0	0	0	0	0	0
195	0	0	46
0	3978

[Summary-TH]
3978	0	0	588	3390	0
195	180	170	46
0	3978

[HRZones]
190
175
162
152
143
133
0
0
0
0
0

[SwapTimes]

[Trip]
250
0
3978
309
313
229
504
651
//n header 
[HRData]
91	154	70	309	83	6451
91	154	70	309	83	6451
92	160	75	309	87	5687
94	173	80	309	87	5687
96	187	87	309	95	4662
100	190	93	309	123	4407
101	192	97	309	141	4915
103	191	98	309	145	5429
106	190	99	309	157	4662
106	187	98	309	166	4399
107	186	97	309	171	4143
107	185	97	309	170	4914
108	184	96	309	171	5426
108	183	95	309	170	5688
107	184	95	309	164	5686
107	182	96	309	162	5429
107	166	93	309	159	5683
105	100	0	309	0	50
101	100	0	309	0	50
100	100	0	309	0	50
99	100	0	309	0	50
100	0	0	309	0	50
101	0	0	309	0	50
102	0	0	309	0	50
102	0	0	309	0	50
103	0	0	309	0	50
101	0	0	309	0	50
103	0	0	309	0	50
102	0	0	309	0	50
105	0	0	309	0	50
104	0	0	309	0	50
103	102	0	309	0	50
104	136	0	309	0	50
106	159	71	309	3	50
106	161	76	309	125	45
107	160	80	309	145	4910
109	160	82	309	146	5169
110	169	83	309	146	4402
114	178	81	309	142	5170
113	187	83	309	143	5423
112	190	88	309	150	5677
112	190	93	309	151	4915
109	190	96	309	162	5428
110	190	98	309	168	5171
108	188	98	309	173	5172
109	188	98	309	166	4925
109	189	98	309	166	4925
109	187	98	309	174	5944
111	186	98	309	178	5942
113	186	97	309	187	5428
113	185	96	309	184	5421
113	185	96	309	184	5421
114	186	96	309	176	4659
114	186	97	309	181	5171
115	188	97	309	177	4917
114	190	98	309	171	5429
114	191	99	309	171	5429
114	190	99	309	170	4137
114	188	98	309	172	4400
114	188	97	309	171	4916
114	186	97	309	164	4656
115	184	96	309	160	4659
114	185	96	309	157	5175
114	185	96	309	154	4915
114	183	95	309	152	4654
114	184	95	309	150	5170
114	183	95	309	153	4919
114	183	95	309	153	4919
114	183	95	309	152	3898
114	183	94	309	155	4150
113	183	96	309	156	4150
113	186	97	309	156	4662
112	188	98	309	148	4407
113	186	97	309	143	3888
113	185	96	309	146	4402
114	186	97	309	149	4146
114	187	97	309	152	4910
115	187	97	309	152	5422
114	187	97	309	149	5420
115	187	97	309	146	4931
115	187	98	309	149	4671
116	189	98	309	141	4409
116	190	98	309	140	4663
116	189	99	309	141	4397
116	188	98	309	149	5680
115	187	97	309	144	5428
116	187	97	309	143	4918
114	189	98	309	149	4655
114	188	98	309	139	4917
113	188	97	309	145	4920
114	190	99	309	137	4154
113	190	99	309	140	3644
114	189	98	309	134	3131
115	189	98	309	139	3642
116	188	98	309	144	3894
116	188	97	309	144	3894
115	189	99	309	145	4401
116	189	98	309	150	4151
115	190	98	309	157	3896
116	190	99	309	154	3897
116	190	99	309	154	3897
117	190	98	309	145	3895
117	191	99	309	143	3894
118	190	99	309	137	3382
117	191	99	309	150	4146
118	192	100	309	150	4146
118	189	99	309	154	4152
117	188	98	309	154	3388
116	188	97	309	151	3891
114	190	97	309	152	4147
113	190	99	309	144	3366
113	190	99	309	145	3377
115	187	97	309	143	3889
116	184	97	309	148	3375
117	186	97	309	144	3887
117	188	97	309	151	4403
118	188	97	309	155	4152
118	188	97	309	148	4406
118	187	97	309	145	4660
117	189	97	309	146	4148
117	190	98	309	144	3640
116	190	99	309	134	3898
116	190	98	309	134	3898
114	192	98	309	134	3898
115	191	99	309	138	4145
116	190	98	309	148	4152
117	190	98	309	146	5176
117	189	98	309	135	4152
119	189	99	309	135	4152
118	190	99	309	138	4149
116	190	99	309	143	4409
115	191	99	309	143	4154
115	191	99	309	153	4151
115	190	98	309	154	4151
115	189	98	309	152	3898
116	190	98	309	149	4408
116	191	99	309	142	4904
116	190	99	309	132	4910
116	190	99	309	137	4659
116	189	98	309	140	4661
115	187	98	309	152	4421
114	187	97	309	153	4667
113	186	97	309	155	5174
113	187	96	309	159	5434
113	189	97	309	153	5432
112	190	98	309	144	4150
113	190	99	309	132	3896
113	191	99	309	132	3645
114	191	99	309	139	3640
115	192	100	309	133	3123
115	192	100	309	128	3379
115	192	100	309	134	4153
114	193	100	309	137	3645
115	194	100	309	137	3645
115	196	102	309	140	3889
116	196	102	309	141	4408
116	197	102	309	145	4157
117	198	104	309	132	4153
118	197	103	309	135	3637
118	197	103	309	142	3385
119	197	103	309	142	3385
119	196	103	309	162	3890
119	197	103	309	159	2878
119	198	103	309	160	2880
119	197	103	309	161	3385
118	198	103	309	156	3639
119	198	103	309	160	3895
118	198	103	309	169	4664
119	197	103	309	166	3906
118	197	103	309	164	3897
119	199	104	309	170	3903
119	199	104	309	171	3898
119	197	103	309	156	4658
120	198	104	309	146	4912
120	199	103	309	143	4652
120	199	104	309	138	5179
120	198	103	309	151	4149
122	197	103	309	151	4149
121	194	102	309	146	4407
118	192	100	309	141	5157
117	192	99	309	139	4151
118	197	101	309	147	3890
119	203	103	309	151	3638
120	214	104	309	140	3630
121	218	105	309	140	3630
121	217	104	309	183	4149
122	215	103	309	192	4921
122	215	103	309	190	4666
123	214	103	309	182	4915
123	213	102	309	185	4656
124	212	102	309	190	4917
123	212	102	309	190	4917
123	212	103	309	187	4664
122	211	102	309	182	4920
123	211	101	309	193	4412
122	211	101	309	181	4156
123	213	102	309	185	5689
123	211	102	309	183	5178
123	211	101	309	188	4917
122	208	101	309	185	4408
122	209	100	309	181	4407
121	210	101	309	181	4407
121	211	101	309	185	4927
120	211	100	309	183	5437
121	211	100	309	182	5437
121	210	100	309	179	5170
122	208	99	309	167	4664
121	208	99	309	173	4150
122	209	99	309	174	4918
121	211	100	309	169	4150
121	213	101	309	171	4411
122	213	101	309	180	4409
121	212	101	309	166	4663
122	213	101	309	172	4151
122	212	101	309	180	5943
123	213	101	309	175	5433
123	212	101	309	177	5433
124	212	101	309	188	4653
124	212	101	309	176	5426
125	213	101	309	184	4657
125	212	101	309	179	5435
125	212	100	309	180	4926
125	214	101	309	176	4671
124	213	102	309	180	4662
123	211	100	309	190	5436
123	210	100	309	188	5436
122	210	100	309	188	5422
122	210	99	309	181	5936
122	209	100	309	186	6193
122	209	99	309	180	5174
122	209	99	309	170	5686
122	209	99	309	170	5686
122	208	99	309	171	5429
122	209	99	309	171	5175
122	209	100	309	164	5684
122	209	99	309	164	5684
122	209	99	309	154	4404
121	210	99	309	158	4915
121	210	100	309	158	4149
121	211	99	309	160	5172
121	213	101	309	166	4660
122	214	101	309	166	4660
124	221	101	309	170	5431
125	231	103	309	166	4917
124	232	102	309	166	4917
126	232	101	309	191	6195
127	234	100	309	190	5429
128	235	100	309	189	5939
129	236	102	309	189	5939
129	234	102	309	225	5683
129	235	102	309	212	4918
130	234	102	309	224	5939
130	233	102	309	231	4663
130	233	102	309	229	5685
130	233	101	309	223	5686
129	232	101	309	208	5683
129	231	101	309	217	5428
129	230	100	309	222	5689
129	229	99	309	216	5685
129	231	100	309	194	6195
129	230	100	309	194	6453
130	231	100	309	197	6196
130	231	100	309	208	6194
130	231	100	309	208	5682
130	230	100	309	200	5689
130	228	100	309	203	5686
129	227	99	309	192	4407
129	227	98	309	199	4408
128	225	98	309	199	4152
127	225	97	309	224	5168
127	225	97	309	214	5427
126	225	98	309	204	5682
127	226	98	309	208	6964
126	224	98	309	208	6964
127	225	97	309	200	6195
126	228	99	309	188	6452
126	228	99	309	186	6452
127	228	99	309	193	6706
127	228	99	309	191	6965
128	229	99	309	192	6966
129	228	99	309	193	6201
129	229	99	309	213	6199
129	227	99	309	214	6710
130	227	99	309	206	6454
129	228	99	309	189	5945
130	228	99	309	196	5941
129	226	98	309	203	5688
130	225	98	309	189	5684
130	225	98	309	185	5175
130	226	98	309	190	5684
130	226	98	309	190	6195
130	227	99	309	195	6453
129	228	99	309	185	6196
129	227	99	309	192	6202
129	227	98	309	182	6455
129	230	100	309	182	6198
128	231	100	309	184	5942
129	233	101	309	181	5691
128	233	101	309	184	5686
129	233	101	309	184	6198
129	231	100	309	179	5685
129	233	100	309	183	5433
130	243	101	309	185	5689
131	249	102	309	189	6199
131	249	100	309	205	6195
132	248	98	309	215	6198
133	248	97	309	213	6452
133	246	97	309	211	6707
134	246	97	309	220	6708
134	243	96	309	218	6962
134	244	95	309	215	7219
134	245	96	309	208	6707
135	245	96	309	199	6452
135	246	96	309	202	6963
135	247	97	309	205	7218
134	247	97	309	204	7218
135	245	97	309	206	6706
134	244	96	309	202	6450
134	243	96	309	207	6195
132	242	95	309	208	6962
132	243	95	309	206	7218
132	244	96	309	204	6963
132	246	96	309	203	7220
133	245	97	309	208	7220
133	245	96	309	207	7219
133	246	96	309	206	7219
133	245	96	309	206	6962
134	246	97	309	207	6963
134	247	97	309	209	7219
133	247	97	309	210	7218
134	244	97	309	209	7474
133	231	95	309	210	7473
133	230	92	309	211	7215
133	229	90	309	215	6957
134	233	90	309	216	6447
134	227	91	309	223	6192
134	222	89	309	212	6191
134	221	87	309	206	6192
135	222	87	309	203	5937
136	221	86	309	210	5932
136	223	86	309	210	5932
135	221	87	309	212	6448
136	216	86	309	211	6446
136	211	85	309	204	6701
135	213	84	309	197	6191
136	226	86	309	194	6190
137	240	90	309	202	6194
137	241	93	309	206	5940
138	243	94	309	203	5941
137	243	95	309	204	6451
137	241	94	309	205	6707
137	240	94	309	200	6707
138	243	95	309	196	6706
138	245	95	309	209	5946
139	244	96	309	207	5944
138	244	96	309	211	5942
138	245	96	309	206	5942
138	244	96	309	208	5941
137	243	96	309	206	6708
138	243	95	309	207	6451
137	243	95	309	201	6451
137	245	96	309	206	6709
137	251	95	309	202	5433
136	260	97	309	197	5942
136	265	95	309	212	6458
136	266	93	309	220	6711
137	267	94	309	217	6966
136	268	94	309	220	6967
137	268	94	309	227	7988
137	271	94	309	230	7733
138	270	95	309	237	7223
138	272	95	309	244	7224
138	271	95	309	248	7480
139	271	95	309	244	7478
139	270	95	309	248	7477
139	274	95	309	239	6965
139	276	96	309	245	7219
140	276	97	309	250	7474
140	276	97	309	250	7731
140	276	97	309	252	7732
140	276	97	309	254	7733
141	277	97	309	255	7991
141	280	97	309	255	7991
141	279	98	309	248	7733
141	279	98	309	250	7988
141	280	98	310	251	8244
142	282	99	310	248	8501
141	279	99	310	253	8756
142	282	99	310	251	8245
142	280	99	310	256	8500
142	281	98	310	258	8243
143	278	98	310	258	9010
143	278	97	310	253	8755
144	279	98	310	247	8500
143	282	99	310	251	8756
143	282	99	310	252	8500
143	280	98	310	250	8244
143	280	99	310	254	7987
144	279	97	310	252	8242
143	280	98	310	246	7477
144	277	97	310	243	7475
143	274	96	310	242	7220
144	276	95	310	243	7475
143	276	96	310	235	6967
143	278	98	310	239	7222
143	276	97	310	245	6966
143	276	97	310	248	7477
143	275	97	310	245	7223
143	275	97	310	243	6967
144	273	97	310	248	6968
144	272	96	310	248	7476
144	273	96	310	249	7732
145	273	96	310	244	7732
144	275	96	310	245	7474
144	276	97	310	238	7473
143	277	97	310	236	7220
143	274	97	310	238	6709
144	274	96	310	237	6454
143	273	96	310	235	6454
143	277	96	310	234	6453
143	278	98	310	238	5943
143	278	98	310	245	6966
144	276	98	310	248	7732
144	278	98	310	246	7222
144	279	98	310	247	6966
145	282	98	310	247	7222
145	285	99	309	238	7477
145	293	98	309	242	7222
146	302	95	309	249	6198
146	306	94	309	257	6200
146	306	95	309	271	6712
146	300	95	309	271	6712
147	300	94	309	274	6711
147	300	93	309	276	7220
148	300	93	309	274	7477
147	303	93	309	277	7733
148	306	94	309	271	7990
148	305	94	309	271	7989
148	306	95	309	279	7478
148	307	95	309	279	7732
148	307	95	309	280	7477
148	307	95	309	283	7220
148	306	95	309	278	7222
149	306	95	309	278	6966
148	305	94	309	282	6966
149	306	95	309	277	7476
149	305	95	309	279	7478
148	305	94	309	282	7989
148	306	94	309	281	7736
148	306	95	309	284	7480
149	309	95	309	286	7477
150	311	96	309	284	7733
150	311	96	309	286	7732
150	309	95	309	284	7988
150	312	96	309	285	7992
150	313	97	309	281	7989
150	314	97	309	281	7478
151	315	98	309	279	6966
150	313	98	309	277	6969
151	313	97	309	274	7225
151	312	97	309	279	7224
151	312	97	309	280	7220
151	311	97	309	278	7219
151	312	96	309	280	7221
151	311	96	309	281	6965
152	311	97	309	276	6709
152	311	97	310	267	6965
152	312	96	310	277	6966
153	314	97	310	278	7219
152	314	98	310	279	6963
152	314	98	310	279	6964
153	316	98	310	276	7222
152	316	99	310	279	7221
152	317	98	310	279	6965
152	316	98	310	282	6967
152	316	98	310	276	7223
153	318	98	310	273	7221
153	318	99	310	273	6965
152	319	99	310	280	6963
152	320	99	310	293	7219
152	320	99	310	284	7477
153	324	100	310	284	7477
153	314	101	310	285	7220
152	269	98	310	285	6966
152	216	98	310	278	6456
151	192	95	310	239	6452
151	188	92	310	189	5425
149	183	90	310	176	5939
148	176	87	310	154	5174
147	174	85	310	145	5172
147	171	83	310	145	5428
147	170	81	310	126	4914
147	166	79	310	123	5426
146	165	78	310	120	5170
146	162	77	310	119	4910
146	160	76	310	120	4909
146	159	75	310	120	4655
145	158	75	310	116	4403
145	154	74	310	116	3629
145	152	72	310	113	3887
145	143	71	310	113	3887
145	145	70	310	111	3630
143	139	68	310	109	4400
144	144	67	310	102	4910
143	145	67	310	97	4915
143	143	67	310	96	4911
142	147	67	310	95	4656
142	147	69	310	95	4402
140	146	70	310	99	4145
138	147	70	310	99	4145
138	142	69	310	99	4142
137	140	68	310	99	4140
137	138	67	310	97	4654
137	139	66	310	99	4655
136	137	65	310	97	4910
136	142	65	310	94	5170
134	144	65	310	91	5169
133	140	68	310	88	5176
130	153	67	310	88	5430
129	139	68	310	89	4921
131	141	70	310	91	4917
131	156	69	310	87	4923
131	161	70	310	89	4665
132	162	74	310	93	5177
131	163	76	310	101	5427
131	163	77	310	101	5427
131	163	77	310	102	5428
130	163	77	310	105	5683
131	164	77	310	106	5425
134	172	78	310	107	5426
134	166	80	310	109	5425
133	162	79	310	120	6194
132	157	78	310	120	5935
133	156	76	310	122	5166
132	158	75	310	121	5679
132	160	75	310	120	5426
131	156	75	310	122	5682
129	157	74	310	117	5427
128	156	74	310	118	5425
127	154	73	310	116	5683
127	156	73	310	115	5429
130	156	74	310	115	5683
130	153	73	310	115	5681
130	155	72	310	112	4912
129	154	73	310	111	4662
127	157	73	310	111	4401
126	157	74	310	111	4915
125	156	74	310	114	5170
124	155	73	310	115	4911
125	154	72	310	116	5422
125	154	73	310	115	5171
125	154	72	310	113	4914
125	154	72	310	114	5940
124	154	73	310	111	5685
124	159	72	310	113	5686
122	164	74	310	112	4922
121	174	78	310	112	4155
121	182	82	310	113	4666
108	99	0	310	0	50
108	136	46	310	11	55
109	123	52	310	63	48
108	143	57	310	78	5422
108	157	64	310	73	4917
109	168	71	310	73	4917
111	174	76	310	95	4663
112	179	80	310	104	4407
114	181	83	310	109	4406
113	182	84	310	112	4148
112	185	87	310	115	4148
112	188	88	310	120	4149
114	190	89	310	125	4149
116	189	90	310	135	4917
116	192	90	310	133	4660
116	190	90	310	141	4406
116	188	89	310	139	4406
115	188	87	310	141	4406
117	188	90	310	137	4152
117	188	89	309	136	4149
117	176	89	309	142	4149
116	138	72	309	140	4404
116	139	59	309	146	4404
114	139	59	309	146	4404
113	155	53	309	108	3876
114	165	52	309	88	3116
113	164	52	309	79	3123
112	163	54	309	79	2875
111	171	56	309	79	2875
110	169	58	309	86	3127
110	167	57	309	95	2868
110	167	57	309	102	2868
110	164	56	309	100	3895
111	162	54	309	101	3895
113	157	54	309	99	3637
113	152	52	309	96	3896
115	137	52	309	96	3896
114	124	50	309	89	3387
115	125	48	309	82	3387
116	118	43	309	82	3387
118	119	41	309	69	3131
117	124	41	309	68	2618
116	119	42	309	68	2618
113	71	0	309	0	50
113	71	0	309	0	50
111	52	0	309	0	50
110	52	0	309	0	50
109	164	0	309	0	50
113	248	75	309	0	50
114	248	80	309	22	3122
117	296	85	309	227	3887
119	298	88	309	217	3885
121	301	87	309	228	3388
122	305	86	309	240	3382
124	303	86	309	255	4148
125	307	83	309	255	4148
126	311	80	309	255	4153
126	309	78	309	266	4409
127	314	78	309	262	3895
128	307	79	309	257	4149
128	301	77	309	253	4146
127	305	75	309	240	4405
127	314	77	309	243	4404
128	313	80	309	243	4404
129	316	79	309	255	3890
131	319	80	309	257	3889
132	319	81	309	257	3381
133	318	80	309	252	2871
134	319	81	309	250	2359
135	320	81	309	248	2354
137	320	81	309	256	2612
138	323	81	309	259	2357
138	323	82	309	262	2868
140	326	82	309	278	3633
141	324	82	309	278	3633
141	325	82	310	276	3381
142	324	82	310	278	3891
142	324	82	310	277	4149
143	323	82	310	274	3897
143	326	82	310	273	3639
144	329	82	310	267	3382
145	326	82	310	266	3377
145	329	83	310	270	2865
145	324	83	310	271	3381
145	324	83	310	270	3892
146	324	82	310	272	3889
147	325	82	310	272	3889
147	326	82	310	283	4148
147	324	83	310	278	3893
148	324	83	310	270	3634
148	326	82	310	269	3633
149	320	82	310	277	3635
149	326	81	310	270	3381
148	319	82	310	282	3634
149	315	85	310	275	3377
149	315	87	310	280	3632
149	319	89	310	266	3642
150	318	90	310	270	3130
150	318	90	310	259	2863
150	315	90	310	251	3890
150	315	89	310	251	3890
150	318	89	310	238	3891
151	321	90	310	238	3891
150	319	91	310	250	3637
150	321	91	310	256	4153
151	323	91	310	261	3642
150	322	91	310	246	3382
150	320	91	310	246	3382
151	323	91	310	240	3136
150	321	91	310	249	3647
152	319	91	310	244	3132
152	318	90	310	252	3645
151	319	90	310	259	3391
152	319	90	310	255	3392
153	320	90	310	252	3389
152	320	91	310	254	3391
153	320	91	310	268	3391
154	325	92	310	253	2877
153	324	92	310	278	2862
153	324	92	310	277	3121
154	321	92	310	264	3390
154	319	91	310	264	3390
154	319	91	310	264	3124
154	320	90	310	244	2584
154	323	91	310	235	3383
154	321	91	310	235	3383
153	321	91	310	279	3642
154	319	91	310	280	3386
154	322	91	310	280	3643
154	322	91	310	280	3643
154	321	92	310	297	3639
155	320	91	310	274	3386
154	321	91	310	271	3388
156	320	91	310	271	3126
156	320	91	310	254	3139
155	321	91	310	252	2878
155	322	91	310	240	3126
156	319	91	310	240	3126
155	321	91	310	213	2586
156	321	91	310	213	2586
156	322	91	310	242	2869
156	319	91	310	229	3134
156	321	91	310	234	3388
156	320	91	310	222	3131
157	321	90	310	222	3131
156	320	91	310	210	2878
156	321	91	310	211	2373
156	321	91	310	223	2628
156	319	91	310	223	2628
156	319	90	310	249	3136
157	318	90	310	246	3396
156	321	90	310	242	3388
156	319	91	310	234	3893
156	318	90	310	228	4409
156	318	90	310	235	4155
156	319	91	310	232	3646
157	322	90	310	224	3641
156	323	91	310	226	3901
156	321	92	310	238	3651
157	321	92	310	235	3135
156	321	91	310	235	3135
157	320	91	310	225	3114
157	322	91	310	214	2839
157	322	91	310	227	2597
157	323	91	310	213	2353
158	323	92	309	226	2616
158	322	92	309	223	3389
159	323	91	309	230	3385
158	319	91	309	230	3385
158	320	91	309	222	3122
158	321	91	309	225	3892
158	323	91	309	231	3641
157	322	91	309	231	3641
159	323	91	309	226	3642
158	325	91	309	234	3898
158	322	92	309	222	3648
158	321	92	309	224	2607
158	321	91	309	227	3378
158	323	91	309	242	3643
158	325	91	309	242	3643
158	323	91	309	208	2873
158	322	91	309	210	2868
158	324	92	309	228	3385
158	323	92	309	216	3135
158	322	91	309	203	3381
158	325	91	309	197	3382
159	327	92	309	200	3381
158	325	92	309	197	2878
158	325	93	309	229	3638
159	325	92	309	277	3642
159	325	92	309	257	4404
159	323	92	309	246	4409
159	323	92	309	243	3901
159	323	92	309	236	4146
159	323	91	309	222	3635
160	323	91	309	221	3393
159	323	92	309	222	3138
159	324	92	309	224	2871
160	325	92	309	232	3125
160	325	92	309	216	3131
160	325	92	309	203	3393
160	326	92	309	206	2352
160	323	92	309	213	2358
160	321	92	309	227	3387
160	321	91	309	222	3138
161	323	91	309	204	3613
160	321	91	309	200	3619
160	321	91	309	197	3638
160	328	91	309	197	3638
160	329	93	309	190	3629
161	327	93	309	222	3383
161	326	93	309	217	3387
160	328	93	309	231	3138
159	323	92	309	223	2868
160	323	92	309	226	3119
160	325	92	309	229	3634
160	326	92	309	221	3645
160	324	92	309	210	3903
160	323	92	309	208	4407
160	326	92	309	203	3626
160	325	92	309	202	3376
160	324	93	309	211	2875
159	325	92	309	197	2874
159	328	93	309	197	3130
161	328	93	309	237	3386
160	325	92	309	238	3132
160	323	91	309	242	3135
161	323	92	309	243	3385
160	323	92	309	239	3134
160	323	92	309	241	3141
160	322	92	309	228	3102
161	324	92	309	211	3116
160	323	92	309	233	3374
160	323	92	309	200	3380
160	324	92	309	200	3380
160	325	92	309	202	3361
159	324	92	309	205	3628
160	325	92	309	199	3388
160	323	92	309	199	3388
161	325	92	309	194	3875
160	323	92	309	191	3633
160	323	92	309	190	2845
160	324	92	309	190	2845
160	325	92	309	182	3106
160	324	92	309	189	3380
161	325	92	309	180	3375
160	323	92	309	180	3871
160	321	92	309	177	3880
160	321	91	309	177	3624
160	323	91	309	187	3117
159	321	91	309	211	3096
159	325	91	309	211	3096
159	328	91	309	200	2350
159	328	93	309	200	2362
159	323	92	309	197	2876
159	324	92	309	198	3132
160	324	92	309	202	3123
160	324	92	309	201	2622
160	322	92	309	195	2384
161	323	92	309	195	2384
161	323	91	309	183	2621
161	323	91	309	183	2621
161	322	92	309	180	2880
161	326	92	309	217	3386
161	326	92	309	218	3386
162	324	92	309	218	3634
162	324	92	309	202	3387
161	326	92	309	202	3387
161	326	92	309	197	3646
161	326	93	309	197	3380
161	325	93	309	187	3382
161	328	92	309	196	3392
161	331	92	309	198	3382
161	330	94	309	199	3382
160	327	93	309	200	3644
160	326	92	309	206	3649
161	324	92	309	200	2880
161	323	92	309	198	2615
160	324	92	309	187	2623
160	325	92	309	188	3124
161	323	92	309	190	3378
161	323	92	309	190	3378
161	325	92	309	206	3387
161	325	92	309	195	2636
161	324	92	309	195	2377
161	326	92	309	185	2620
161	328	92	309	185	2620
162	328	92	309	188	3136
162	325	93	309	213	3897
162	326	92	309	237	3385
162	323	92	309	237	3125
162	324	92	309	232	3133
162	323	92	309	232	3133
162	323	91	309	206	2622
163	322	91	309	201	3131
162	323	92	309	185	3136
163	323	91	309	180	3383
163	323	91	309	196	3645
163	327	92	309	190	3391
163	319	89	309	179	3394
162	315	85	309	179	3394
162	319	82	309	219	3381
162	323	86	309	224	3381
161	323	89	309	211	3641
161	325	90	309	220	3640
162	325	92	309	207	4145
161	323	92	309	203	4392
161	323	91	309	204	3642
161	323	92	309	199	3646
161	324	92	309	202	3392
161	321	91	309	206	3640
161	324	91	309	202	3893
161	323	92	309	200	3899
162	323	91	309	194	3646
161	323	91	309	208	3641
162	324	92	309	204	3641
163	323	92	309	199	3645
163	323	91	309	205	4150
163	319	91	309	216	4145
163	320	90	309	215	3636
163	321	91	309	207	3139
163	321	91	309	209	3652
163	320	91	309	204	3135
163	321	91	309	199	2605
163	320	91	309	196	3122
163	321	91	309	175	3629
163	321	91	309	182	2863
162	323	91	309	182	2863
162	322	91	309	190	3381
163	325	92	309	190	3381
163	321	91	309	206	2613
163	321	91	309	199	2601
163	322	91	309	185	3114
163	322	91	309	185	3114
163	320	91	309	196	3384
163	322	91	309	192	3130
163	322	91	309	181	3122
163	322	91	309	237	3379
163	320	91	309	230	3127
163	321	91	309	227	2876
164	321	91	309	222	2621
163	321	91	309	213	2875
164	317	91	309	195	2614
163	321	90	309	196	2359
162	323	91	309	207	2612
163	323	91	309	230	2873
163	323	92	308	217	2624
162	323	92	308	213	2352
162	323	91	308	201	2329
162	322	91	308	205	2874
162	321	92	308	205	2874
162	325	91	308	232	3151
162	323	92	308	240	2883
163	323	92	308	226	3391
163	323	92	308	220	3393
163	324	92	308	236	3372
163	324	92	308	222	3117
163	325	92	308	209	3122
163	328	93	308	209	3122
163	328	93	308	240	3381
163	328	93	308	234	3631
164	328	93	308	225	3378
164	327	93	308	221	3127
164	324	92	308	222	2878
164	324	92	308	215	3129
164	324	92	308	220	2867
164	325	92	308	216	3116
164	323	92	308	216	3116
164	325	92	308	209	2869
164	326	92	308	209	2619
164	326	92	308	233	2613
164	326	92	308	244	2606
164	328	93	308	234	2863
164	327	92	308	223	2602
164	326	92	308	210	2606
164	322	92	308	210	2606
164	320	91	308	193	2863
164	318	90	308	191	2858
164	317	90	308	183	3126
164	316	90	308	188	3391
164	317	90	308	175	3637
164	315	89	308	175	3637
164	321	89	308	185	3122
164	321	91	308	194	2878
164	323	92	308	206	2621
164	325	92	308	190	2879
164	323	92	308	217	2877
164	323	92	308	216	3647
164	323	92	308	226	3134
164	323	92	308	213	3127
164	321	92	308	208	2602
164	321	92	308	226	2353
165	325	92	308	223	2635
165	326	92	308	202	2870
165	330	92	308	207	3126
165	331	94	308	224	3644
165	331	94	308	232	3393
165	332	94	308	233	3130
164	333	94	308	238	3383
165	333	94	308	233	3640
165	330	94	308	236	4148
165	331	94	308	233	3638
165	332	94	308	243	3640
165	331	94	308	262	4148
165	328	94	308	275	3632
165	330	93	308	275	3632
165	332	93	308	239	3629
166	332	94	308	237	3635
166	334	95	308	233	3897
166	333	95	308	246	3900
166	332	95	308	246	3900
166	334	95	308	234	3900
166	337	95	308	206	3912
166	335	95	308	225	3891
166	336	95	308	225	3382
166	337	95	308	225	3382
166	336	96	308	239	3126
166	335	96	308	243	2867
166	337	95	308	240	3633
166	338	96	308	245	3648
166	336	96	308	245	3648
166	336	95	308	212	4145
166	336	95	308	215	4143
166	335	95	308	218	4398
166	335	95	308	210	3659
166	338	96	308	211	4146
167	336	95	308	220	4144
167	335	95	308	224	3125
166	336	95	308	223	3131
167	335	95	308	223	3131
167	337	96	308	224	3126
167	336	96	308	222	3384
167	335	94	308	223	3897
167	332	94	308	228	3643
167	332	94	308	207	3890
167	333	94	308	207	3122
167	332	95	308	196	3132
166	333	95	308	211	3378
167	333	94	308	211	3378
166	336	94	308	215	3383
166	332	94	308	215	3383
166	332	93	308	225	3895
166	333	93	308	213	3121
166	333	94	308	215	3639
166	332	94	308	215	3639
166	330	93	308	222	3892
166	330	93	308	222	3892
166	330	93	308	228	3892
166	330	92	308	227	2875
166	328	92	308	227	2875
166	328	92	308	215	2861
166	327	92	308	217	3115
166	326	92	308	222	3120
166	328	92	308	228	3637
167	330	92	308	219	3636
166	330	93	308	198	2870
167	330	93	308	203	3386
167	330	93	308	206	2881
167	330	93	308	199	3126
167	329	92	308	199	3126
167	326	92	308	200	2633
167	324	92	308	200	2633
167	326	91	308	201	3373
167	329	91	308	201	3373
167	331	93	308	247	3895
167	332	93	308	227	3392
167	329	93	308	218	3626
167	326	92	308	218	3626
167	326	92	308	260	4153
167	326	92	308	260	4153
167	327	92	308	249	4155
167	326	92	308	232	3123
168	328	92	308	230	3388
167	334	93	308	227	3378
167	333	93	308	244	3130
167	335	94	308	237	3132
167	335	94	308	249	3140
168	335	94	308	248	3120
168	329	94	308	244	3127
168	329	92	308	226	3360
167	327	92	308	227	3884
167	328	92	308	245	3886
168	326	92	308	245	4153
167	328	92	308	242	4148
167	329	92	308	226	3092
168	331	93	308	226	3092
168	330	93	308	191	2838
168	332	93	308	187	2586
168	332	93	308	194	2856
168	330	93	308	218	3373
168	331	93	308	222	3892
168	335	94	308	209	4143
168	334	94	308	212	3898
168	334	94	308	210	3641
168	331	94	308	209	3611
168	331	93	308	206	3621
168	328	93	308	206	3621
169	328	92	308	232	3139
168	327	92	308	206	3150
168	327	92	308	215	3132
168	326	92	308	210	3635
168	328	92	308	216	3382
168	328	92	308	217	3387
168	328	92	308	212	3637
168	325	92	308	199	3638
168	326	91	308	200	3896
167	326	91	308	205	3130
167	326	92	308	194	2583
167	328	91	308	203	2612
167	328	92	308	203	2612
166	328	92	308	234	3383
166	330	92	308	232	3127
166	331	93	308	225	3376
166	328	93	308	221	3632
166	326	92	308	217	3904
166	328	92	308	217	3904
166	329	92	308	234	3890
167	331	92	308	238	3639
167	328	93	308	238	3639
167	331	93	308	208	3628
167	331	93	308	206	3629
167	328	93	308	220	4146
168	325	92	308	201	3657
167	328	91	308	210	3387
167	327	92	308	209	3125
167	327	92	308	195	3641
168	327	92	308	195	3641
167	333	92	308	190	2845
167	333	93	308	196	2850
168	326	93	308	214	3123
168	337	89	308	207	3388
168	355	87	308	206	3131
168	357	88	308	253	3638
168	360	90	308	272	3129
168	366	91	308	257	3129
168	371	93	308	258	3386
168	366	93	308	269	3647
169	364	92	308	268	4411
169	362	92	308	255	4402
169	363	91	308	252	3643
170	359	91	308	250	4160
170	359	91	308	268	3636
170	355	90	308	264	3638
170	354	89	308	279	3637
170	354	89	308	271	4403
170	354	89	308	271	4403
170	356	89	308	283	4406
170	349	89	308	291	3650
171	351	89	308	283	3140
171	352	90	308	290	3890
171	349	90	308	277	3899
171	349	90	308	260	4158
170	350	90	308	239	4408
171	351	90	308	249	3632
171	351	90	308	250	3643
171	353	90	308	252	3646
170	352	91	308	252	3646
170	353	90	308	274	3895
171	353	90	308	274	3895
171	353	90	308	294	4149
171	358	90	308	294	4149
171	356	91	308	299	3631
171	356	91	308	289	3644
171	354	91	308	281	3907
170	357	91	308	290	4153
171	356	91	308	283	4657
171	355	91	308	299	4408
172	354	91	308	296	3893
171	356	90	308	292	3373
171	357	91	308	289	3633
172	356	91	308	288	3385
172	359	91	308	290	3124
172	365	92	308	283	2345
172	365	93	308	283	2345
172	362	93	308	279	2872
172	361	93	308	276	3378
173	362	92	308	264	3388
173	362	92	308	271	3392
172	363	93	308	275	3898
172	363	92	308	286	3630
172	363	93	308	294	4151
173	363	93	307	292	3647
173	360	92	307	290	3394
173	361	92	307	293	2614
173	361	92	307	310	2614
173	361	93	307	287	2605
174	364	93	307	273	2856
174	361	93	307	257	2870
174	360	92	307	257	2870
174	360	92	307	256	3379
173	360	92	307	269	3125
173	362	92	307	253	3385
173	362	93	307	238	3134
173	362	93	307	234	3633
174	363	93	307	261	3634
174	367	93	307	270	3900
173	366	93	307	271	3649
174	364	93	307	261	4150
174	366	93	307	271	3632
174	365	93	307	252	3640
173	367	93	307	280	3888
173	365	93	307	280	3888
173	363	93	307	290	3902
173	367	93	307	290	3902
174	367	94	307	273	3632
173	365	94	307	266	3636
173	365	94	307	254	3387
174	363	93	307	242	4403
174	365	93	307	251	4908
174	366	93	307	261	4651
174	365	93	307	255	4146
174	363	93	307	284	4150
174	363	93	307	290	4405
174	362	93	307	296	4154
174	362	93	307	297	4412
173	361	93	307	260	4663
174	362	93	307	269	4401
174	367	93	307	269	4401
174	367	94	307	249	4148
174	367	94	307	258	3619
174	368	94	307	257	3359
175	368	94	307	289	3115
174	369	94	307	291	3117
174	371	94	307	290	2862
174	371	95	307	290	2862
175	373	95	307	332	3633
174	372	95	307	349	3638
175	373	96	307	355	3639
175	375	96	307	355	3639
175	375	96	307	324	3886
175	375	95	307	301	3876
175	374	95	307	301	3876
175	373	95	307	282	3375
175	372	96	307	282	3375
175	373	96	307	296	3122
175	376	96	307	262	3638
175	377	97	307	259	3370
175	380	97	307	259	3370
175	377	96	307	245	3901
175	374	96	307	245	3901
176	373	96	307	240	4138
176	372	95	307	240	3882
176	380	97	307	237	3900
175	382	98	307	237	3900
176	384	97	307	286	4155
175	379	97	307	292	4148
176	382	97	307	274	3620
177	383	96	307	274	3620
176	228	88	307	273	3345
176	228	77	307	221	3359
175	134	71	307	221	3359
174	114	71	307	22	3363
173	112	62	307	22	3363
172	119	58	307	29	3363
171	123	56	307	45	3629
170	122	58	307	52	4405
168	122	57	307	52	4405
167	117	57	307	55	4656
167	115	57	307	55	4656
165	117	55	307	50	4659
164	123	55	307	50	4659
164	123	55	307	47	4405
162	127	58	307	49	4660
161	133	59	307	54	4660
159	134	60	307	59	4911
159	134	61	307	59	5167
158	134	63	307	60	5424
158	133	63	307	61	5425
157	133	63	307	60	5682
156	133	63	307	61	5169
155	133	63	307	62	5937
155	133	63	307	62	5937
156	135	63	307	63	5681
156	136	64	307	62	5424
156	135	64	307	62	5938
155	136	64	307	62	5425
155	136	63	307	62	4912
155	137	65	307	62	5425
154	139	65	307	62	5170
154	139	65	307	64	5169
154	139	65	307	65	5168
153	141	66	307	65	5170
152	143	67	307	66	5170
151	142	67	307	66	4912
150	142	67	307	69	4655
150	142	67	307	70	4401
149	139	67	307	72	4144
148	141	66	307	72	4913
148	142	67	307	72	4657
147	143	67	307	72	5169
147	145	69	307	74	5427
145	146	68	307	76	5682
145	143	68	307	76	5170
144	143	68	307	76	5170
144	143	68	307	75	5170
143	143	68	307	76	5938
142	146	68	307	75	5426
141	145	68	307	74	4658
141	144	68	307	73	4658
141	146	68	307	74	4658
141	147	69	307	74	4403
140	147	69	307	74	4403
140	143	69	307	73	3635
140	143	69	307	75	4147
139	145	68	307	74	4147
139	144	68	307	73	3891
138	143	68	307	73	4147
138	144	68	307	75	4147
137	146	68	307	74	3891
138	146	69	307	73	3635
137	144	69	307	74	3635
136	144	68	307	75	3635
135	144	68	307	75	4148
135	144	68	307	74	3891
134	143	68	307	75	3892
134	140	67	307	74	4148
133	142	67	307	74	4403
132	144	67	307	74	4659
132	143	67	307	72	4148
132	143	68	307	72	4146
132	139	67	307	73	3889
131	142	66	307	74	4401
130	143	67	307	73	4402
128	145	68	307	74	4402
128	143	68	307	74	4146
126	146	68	307	75	3890
126	149	69	307	73	3634
126	147	70	307	75	3634
125	144	69	307	75	3636
126	150	68	307	78	3632
127	150	69	307	79	4146
128	152	72	307	80	3889
129	147	71	307	84	4402
129	148	70	307	86	4401
129	146	70	307	86	4915
129	145	70	307	86	4661
130	147	69	307	83	4405
131	151	70	307	83	4660
132	152	72	307	85	4663
133	155	73	307	88	4662
133	154	73	307	91	5172
133	148	72	307	92	4917
132	150	71	307	90	4405
131	152	72	307	90	4660
130	149	71	307	88	4405
130	149	71	307	87	4659
130	147	70	307	86	4402
130	146	69	307	84	4658
129	147	69	307	83	4402
129	144	69	307	83	4146
127	144	68	307	83	4658
126	146	68	307	81	4659
126	146	69	307	80	4918
125	147	69	307	81	4916
124	148	69	307	82	4916
124	146	69	307	81	4659
122	147	69	307	83	4660
121	145	69	307	82	4659
121	146	69	307	81	4658
121	147	69	307	81	4401
122	147	69	307	81	4658
122	148	69	307	82	4400
121	150	70	307	82	4657
121	148	71	307	81	4401
121	149	71	307	85	3634
121	146	70	307	84	3635
121	144	70	307	86	4404
121	144	69	307	85	4402
120	148	68	307	83	4657
120	146	69	307	82	4913
120	146	69	307	82	4661
121	147	69	307	85	5174
121	144	69	307	84	5172
122	148	69	307	83	4917
121	145	68	307	82	4919
121	144	68	307	84	4920
120	146	69	307	83	4918
120	146	69	307	81	4660
120	148	69	307	81	4404
119	151	70	307	80	4147
120	152	72	307	82	4149
120	152	72	307	83	4405
120	154	73	307	84	4150
118	154	72	307	86	4150
118	155	73	307	87	4405
118	155	73	307	87	4661
117	155	73	307	88	4916
118	156	73	307	90	4915
119	154	74	307	92	5171
122	151	73	307	92	5171
122	151	72	307	93	4917
120	150	71	307	92	4918
121	150	70	307	90	4661
120	148	71	307	88	4406
120	147	70	307	88	4661
121	149	70	307	87	4659
122	153	72	307	86	3893
123	153	72	307	87	4150
124	154	73	307	90	4916
123	154	73	307	91	5170
123	151	72	307	92	4915
124	147	71	307	90	5172
126	151	70	307	88	4912
125	152	71	307	87	5682
126	154	72	307	86	5171
125	155	73	307	85	4406
124	153	72	307	86	3896
123	152	72	307	87	4152
122	148	71	307	87	4404
121	148	70	307	85	3892
121	149	69	307	85	3892
119	150	69	307	83	4148
119	151	71	307	83	4404
120	149	71	307	81	4404
120	149	71	307	84	4152
119	150	70	307	84	4406
119	149	71	307	84	4149
119	150	71	307	82	4148
121	150	71	307	82	3892
121	149	71	307	83	4147
121	150	71	307	83	4404
119	150	71	307	82	4404
119	149	71	307	83	4660
119	150	71	307	84	4916
117	150	71	307	85	4915
115	148	71	307	85	4917
116	152	70	307	84	4661
116	154	72	307	83	4660
117	154	72	307	84	4662
117	153	72	307	86	4661
117	151	71	307	89	4405
116	150	71	307	84	4149
115	151	72	307	84	4149
113	151	71	307	83	4148
113	151	71	307	85	3891
113	150	70	307	85	4147
112	148	70	307	85	4147
113	149	70	307	85	4402
113	148	70	307	83	4402
114	150	70	307	83	4402
113	150	70	307	84	4404
112	149	70	307	84	4404
112	148	70	307	84	4147
111	150	70	307	84	4147
111	150	70	307	83	4404
112	151	71	307	83	4403
113	154	73	307	84	4148
116	153	73	307	84	4148
115	151	71	307	87	4916
116	153	73	307	88	4659
115	155	73	307	89	4915
115	158	73	307	89	4915
115	158	75	307	89	4915
115	157	74	307	94	5685
116	158	74	307	94	5172
117	158	75	307	94	4404
116	156	74	307	96	4405
116	156	73	307	96	4405
116	155	73	307	95	4660
114	155	73	307	95	4659
114	155	73	307	95	4660
113	154	73	307	96	4403
114	154	72	307	93	4403
113	157	73	307	90	3633
114	155	74	307	92	4657
114	154	73	307	93	4402
114	150	73	307	93	4403
113	152	71	307	92	4659
112	153	72	307	89	4659
112	153	73	307	90	4660
111	162	74	307	91	4148
112	162	76	307	93	3892
111	159	77	307	94	3892
112	155	76	307	95	3891
114	155	73	307	95	3891
114	157	73	307	97	4147
116	157	74	307	94	4659
116	156	74	307	94	4659
118	157	74	307	90	3891
118	157	74	307	90	3891
118	158	75	307	90	3123
118	158	74	307	90	3378
118	146	74	307	93	4402
116	154	73	307	94	4658
117	159	74	307	94	4658
116	163	75	307	97	4915
115	161	76	307	99	4403
115	160	77	307	102	5172
114	160	76	307	104	5686
114	160	75	307	103	5429
114	160	76	307	98	4406
114	162	76	307	97	4148
115	162	77	307	96	3894
116	162	77	307	98	4150
117	164	77	307	100	4407
117	164	77	307	104	4404
118	164	78	307	105	4660
117	161	76	307	107	5172
119	161	76	307	106	5427
121	163	77	307	105	5171
121	162	77	307	105	5426
122	162	76	307	104	5170
122	162	76	307	102	4915
121	162	76	307	101	4403
120	162	77	307	102	4147
120	162	76	307	104	4914
118	161	76	307	104	4658
117	162	76	307	102	4658
117	161	76	307	101	4658
117	162	76	307	100	4660
116	161	76	307	103	5171
116	162	76	307	101	5171
116	160	77	307	103	4916
117	160	76	307	103	4659
116	160	75	307	100	4403
116	160	75	307	97	4147
117	160	76	307	98	3380
117	160	76	307	98	3635
117	160	76	307	96	3891
117	161	76	307	97	3890
117	161	76	307	99	4404
116	159	76	307	98	4659
117	171	75	307	98	4659
118	176	78	307	98	4659
120	179	81	307	105	4662
120	179	82	307	106	4663
120	179	85	307	116	4150
120	178	84	307	116	3893
119	179	84	307	118	3892
119	180	85	307	118	3893
119	182	85	307	120	4149
119	188	87	307	122	4148
118	193	83	307	122	3892
117	192	80	307	126	4661
118	192	76	307	125	5688
119	195	71	307	129	4668
118	193	66	307	133	4417
118	194	63	308	137	4154
118	189	61	308	133	4153
119	188	59	308	138	3895
118	188	57	308	148	3897
118	184	56	308	145	4150
117	188	53	308	132	3891
118	190	53	308	132	3891
119	190	54	308	133	3891
119	191	54	308	131	4404
120	187	55	308	132	4404
119	145	55	308	138	4660
119	98	0	308	0	50
119	85	0	308	0	50
120	193	0	308	0	50
121	264	68	308	24	50
122	308	74	308	314	9265
123	324	83	308	306	8243
124	329	88	308	319	7733
126	336	89	308	303	6714
128	338	91	308	326	6199
128	341	91	308	325	6452
130	342	92	308	320	6452
132	341	91	308	314	6197
133	341	91	308	314	6453
135	340	91	308	314	6194
136	341	91	308	316	5938
137	340	91	308	311	5685
138	338	91	308	310	5939
138	333	90	308	313	6196
140	333	89	308	311	5939
140	333	89	308	306	5940
141	329	89	308	306	5685
141	329	89	308	302	5428
142	331	88	308	302	5176
143	330	89	308	296	5178
143	328	89	308	301	5433
144	328	88	308	303	5176
144	326	88	308	297	5686
145	325	87	308	298	5942
146	327	87	308	282	6455
146	326	87	308	286	6199
146	328	88	308	289	6452
147	331	88	308	292	6195
147	331	88	308	294	5940
148	330	89	308	299	5685
148	331	88	308	298	5686
148	331	89	308	291	5945
148	328	89	308	293	6197
149	327	88	308	287	6201
149	326	88	308	286	6199
149	326	88	308	282	6199
149	327	87	308	287	6197
150	326	87	308	285	5688
151	327	87	308	292	5429
151	325	87	308	293	5172
151	327	87	308	296	4917
152	325	88	308	292	5430
152	324	87	308	280	5436
154	322	87	308	278	5430
153	322	86	308	279	5428
154	325	87	308	272	5936
155	324	87	308	277	6196
155	327	87	308	278	6450
154	328	87	308	280	5941
154	328	88	308	280	5940
155	325	88	308	287	6196
155	323	87	308	283	5946
155	324	87	308	281	5945
155	322	86	308	283	5687
155	322	86	308	278	5683
156	322	87	308	277	5685
156	319	86	308	277	5432
156	322	85	308	277	5429
156	322	86	308	278	5428
156	324	86	308	282	5429
156	324	87	308	283	5683
156	324	87	308	291	5428
157	322	86	308	293	6195
157	322	86	308	286	6198
157	324	86	308	289	5938
157	323	86	308	293	5429
158	324	87	308	293	5172
158	323	86	308	294	5427
158	323	87	308	285	5941
159	324	87	308	293	5940
159	326	87	308	288	6195
158	322	87	308	283	5939
158	322	87	308	282	5940
159	322	86	308	280	6196
159	324	87	308	281	6200
158	326	87	308	279	5684
159	326	87	308	286	5683
160	325	87	308	290	5426
159	323	87	308	289	5426
159	323	87	308	294	5428
160	323	87	308	282	5426
160	317	86	308	278	5942
159	320	86	308	282	5686
160	319	86	308	279	5684
160	321	86	308	272	5935
159	324	87	308	270	5940
159	323	87	308	268	5938
160	324	87	308	273	5939
160	321	87	308	275	5940
160	323	87	308	281	5683
161	323	87	308	281	5683
160	321	86	308	292	5680
161	321	86	308	295	5939
161	320	86	308	295	5939
161	320	86	308	285	5682
161	318	86	308	286	5432
162	319	86	308	284	5941
161	322	86	308	282	6195
161	321	86	308	285	6194
161	322	86	308	285	5939
161	321	86	308	285	5939
161	324	87	308	293	5685
162	325	87	308	293	5685
162	323	87	308	286	5682
161	323	87	308	286	5682
161	321	87	308	283	5939
162	323	87	308	288	5680
162	325	87	308	285	5429
162	326	87	308	287	5173
162	328	88	308	287	5173
162	328	88	308	295	5940
163	328	88	308	295	5940
162	325	88	308	293	6197
163	325	87	308	277	6454
163	326	88	308	277	6454
163	328	88	308	278	6199
163	327	88	308	276	6198
163	326	88	308	281	5939
163	325	88	308	286	5683
163	325	87	308	290	5938
163	323	87	308	293	5683
163	323	87	308	283	5689
163	323	87	308	283	5689
163	323	87	308	279	5942
163	325	87	308	273	6449
163	323	87	308	275	5942
163	322	87	308	276	5941
163	319	86	308	273	5682
163	321	86	308	273	5682
163	323	86	308	277	5940
164	321	86	308	283	6196
163	325	87	308	283	5937
164	328	87	308	275	5687
164	328	88	308	280	5939
164	328	88	308	291	5685
163	328	88	308	289	5938
163	329	88	308	283	6196
163	330	88	308	285	6197
164	332	89	308	285	5941
164	331	89	308	290	5685
164	332	89	308	302	5688
164	331	89	308	300	5942
164	331	89	308	293	6452
164	331	89	308	296	6194
164	332	89	308	294	6193
164	332	89	308	288	6193
164	330	89	308	291	6195
164	330	89	308	296	6196
164	328	88	308	297	5940
165	329	88	308	290	5939
165	330	88	308	282	6452
165	331	89	308	288	6196
165	331	89	308	284	6450
165	332	89	308	283	6709
165	332	89	308	282	6457
165	332	89	308	299	6202
165	335	89	308	287	6452
166	333	90	308	288	6195
165	333	90	308	294	5943
166	333	89	308	296	5688
166	334	89	308	296	5685
166	334	90	308	307	5428
166	338	90	308	297	5941
166	335	90	308	291	6198
166	335	90	308	287	5940
166	331	89	308	279	5940
166	332	89	308	276	6451
165	331	89	308	278	6451
164	332	89	308	282	5938
165	331	89	308	283	5428
164	330	89	308	272	5171
164	330	88	308	275	5429
165	338	89	308	282	5684
164	338	91	308	288	5939
165	335	90	308	295	5939
165	332	90	308	288	5939
165	332	90	308	288	5429
165	332	89	308	287	5171
165	327	89	308	284	5426
166	325	88	308	288	5685
166	325	87	308	287	5683
166	325	87	308	271	6196
167	323	87	308	274	5679
167	328	87	308	272	5427
167	327	88	308	274	5172
167	326	88	308	273	5428
166	323	87	308	280	5684
167	322	87	308	283	5682
167	324	87	308	274	5685
167	326	87	308	270	5690
167	327	88	308	269	5940
167	328	88	308	280	5939
167	329	88	308	283	5942
167	326	88	308	274	5948
167	328	88	308	259	6201
167	331	88	308	266	5943
167	330	89	308	269	5684
167	330	89	308	281	5424
167	330	89	308	289	5683
167	332	89	308	286	5684
167	329	89	308	282	5940
167	329	88	308	275	5942
167	330	88	308	281	5939
167	331	89	308	289	6196
167	332	89	308	287	6452
167	330	89	308	290	6196
168	331	89	308	290	5941
167	330	89	308	288	5943
168	332	88	308	283	5943
168	331	89	308	282	6198
167	330	89	308	290	5940
167	330	88	308	286	5171
167	332	89	308	296	5172
167	334	89	308	293	4914
167	333	90	308	291	4915
167	332	90	308	290	4913
168	332	89	308	292	4911
168	332	89	308	285	4918
168	329	88	308	284	4659
168	330	88	308	284	4913
169	328	88	308	288	5168
169	328	88	308	286	5943
169	327	88	308	282	5944
168	325	88	308	285	5942
169	328	88	308	276	5942
168	329	88	308	274	5942
168	327	88	308	286	5939
168	323	88	308	280	5941
169	324	87	308	288	5684
169	324	87	308	277	5427
169	327	87	308	258	4913
168	326	88	308	267	4402
169	329	88	308	274	4659
169	329	88	308	275	4404
169	322	88	308	287	4404
169	324	87	308	285	4404
169	330	86	308	282	4403
169	332	89	308	266	4405
169	331	89	308	275	4916
169	330	89	308	286	4917
169	325	89	308	285	5429
169	327	87	308	280	5427
170	325	88	308	270	5687
169	325	87	308	273	5688
170	324	87	308	275	5685
170	327	87	308	280	5939
170	330	88	308	279	5941
169	329	88	308	295	5683
169	329	88	308	295	5939
169	330	88	308	293	5683
170	332	89	308	292	5684
169	330	89	308	291	5684
170	329	88	308	287	5941
169	328	88	308	285	5686
170	332	89	308	283	5679
170	334	89	308	283	5425
170	335	90	308	286	5685
170	334	90	308	288	5427
170	334	90	308	291	5431
170	335	90	308	292	4916
170	337	90	308	290	4915
169	338	91	308	285	4918
170	338	91	308	291	5682
170	338	91	308	291	5684
170	335	90	308	296	5428
170	335	90	308	311	5684
170	334	90	308	296	5682
169	333	90	308	296	5428
170	330	89	308	292	4919
169	330	89	308	290	4917
169	328	88	308	291	4407
169	328	88	308	282	4405
169	330	89	308	277	4148
169	332	89	308	280	4146
170	335	90	308	272	4396
170	332	90	308	280	4911
169	332	89	308	285	5172
169	330	89	308	284	5171
169	330	89	308	284	5171
169	330	89	308	290	5425
169	329	89	308	287	5424
170	330	89	308	283	5682
170	328	88	308	277	5939
169	328	88	308	277	5939
170	326	88	308	274	5426
170	327	87	308	271	5686
170	334	89	308	272	5429
170	332	90	308	275	5682
170	333	90	308	275	5682
170	333	90	308	279	5939
170	330	90	308	282	5939
170	330	89	308	283	6199
170	332	89	308	280	5944
170	333	89	308	282	5941
170	332	89	308	280	5940
170	331	89	308	280	6196
171	326	88	308	280	6197
171	327	88	308	269	5172
170	328	88	308	270	4911
171	328	88	308	270	4911
171	329	88	308	270	5166
170	325	88	308	270	5422
170	325	87	308	275	5170
170	325	87	308	275	5170
170	327	88	308	279	5428
170	328	87	308	278	5171
170	329	88	308	278	4915
170	330	88	308	280	5176
170	330	89	308	265	5686
170	331	89	308	265	5942
170	328	89	308	261	5684
171	327	88	308	263	5679
170	328	88	308	263	4916
170	327	88	308	268	4660
169	325	88	308	271	5171
170	327	87	308	265	5427
170	328	88	308	266	5685
170	329	88	308	277	5170
170	329	88	308	285	5170
170	325	88	308	292	4912
170	326	87	308	285	4658
170	325	87	308	288	4144
170	325	88	308	288	4142
170	326	88	308	284	4916
169	325	88	308	284	4914
169	325	87	308	284	4914
170	322	87	308	273	5170
169	321	87	308	282	5169
170	321	86	308	276	4912
169	320	86	308	275	4914
170	321	86	308	272	4915
170	322	86	308	272	4915
169	322	86	308	275	4400
169	320	86	308	276	4657
170	320	86	308	267	4910
170	321	86	308	263	4400
169	324	86	308	269	4405
169	330	87	308	273	4403
170	333	88	308	274	4657
170	333	89	308	286	4917
170	332	89	308	288	5431
170	330	89	308	281	5686
170	330	89	308	280	5686
170	331	89	308	268	5685
170	332	89	308	270	5431
170	332	89	308	277	4918
170	331	89	308	278	4916
170	332	89	308	281	4663
170	330	89	308	279	4405
171	332	89	308	283	4402
171	330	89	308	282	4401
171	332	89	308	284	4401
171	332	89	308	281	4659
171	330	89	308	283	4912
171	330	89	308	283	4657
171	331	88	308	284	4656
170	330	89	308	287	5169
171	330	89	308	281	5171
171	329	88	308	279	4916
171	328	88	308	274	5431
171	326	88	308	274	5941
171	325	88	308	270	5940
171	325	87	308	268	5940
171	325	87	308	260	5941
171	323	87	308	267	5684
171	323	87	308	270	5683
171	323	87	308	266	5429
171	323	87	308	260	5428
171	326	87	308	271	5427
171	327	88	308	266	5683
171	328	88	308	272	5683
171	329	88	308	269	5682
171	330	88	308	276	5686
171	328	88	308	279	5686
170	328	88	308	281	5686
171	326	88	308	276	5434
171	328	88	308	277	5431
171	326	88	308	289	5429
171	327	88	308	282	5426
170	325	87	308	284	5171
170	323	87	308	278	5169
170	325	87	308	272	4656
170	325	87	308	265	4654
170	328	87	308	272	4657
170	328	88	308	272	4402
169	331	89	309	280	5170
169	331	88	309	269	5429
169	329	89	309	264	5941
169	328	88	309	274	6196
169	330	88	309	272	6197
169	330	88	309	282	6199
169	330	89	309	284	6196
169	331	89	309	290	5940
169	331	89	309	297	5681
169	332	89	309	289	5169
169	332	89	309	289	5169
169	332	89	309	284	4915
169	330	89	309	283	5169
169	331	88	309	284	5423
169	330	89	309	280	5423
170	330	89	309	272	5938
170	330	89	309	265	5940
170	332	88	309	266	5685
170	330	89	309	271	5428
170	332	89	309	277	5426
170	330	89	309	277	5171
170	327	88	309	275	4910
170	330	88	309	274	4656
171	332	88	309	282	4658
171	335	90	309	293	4658
171	332	90	309	287	4911
171	333	89	309	291	5168
172	330	89	309	286	5425
171	332	89	309	286	5169
171	332	89	309	279	5171
171	332	89	309	279	5171
171	332	89	309	279	5171
171	331	89	309	276	5169
171	332	89	309	282	5170
171	331	89	309	285	4916
171	332	89	309	279	4665
171	332	89	309	277	5428
171	332	89	309	274	5432
171	332	89	309	277	5683
171	334	90	309	281	5937
171	332	89	309	277	6452
171	334	89	308	282	6194
171	333	90	308	279	5939
171	333	90	308	274	6195
171	331	89	308	284	5428
172	329	88	308	282	5427
172	329	88	308	270	5426
172	325	88	308	262	5683
172	327	88	308	267	5686
172	325	87	308	271	5941
173	327	88	309	276	5939
172	328	88	309	293	5426
173	332	88	309	291	5169
172	332	89	309	290	5425
173	334	89	309	287	5427
173	334	90	309	301	5425
172	332	90	309	297	5427
172	331	89	309	293	5170
172	332	89	309	299	5169
172	332	89	309	304	5426
172	335	89	309	293	5169
172	332	90	309	292	4914
171	330	90	309	290	4915
172	331	88	309	290	4916
172	332	89	309	289	4658
172	332	89	309	295	4913
172	330	89	309	300	4654
172	330	89	309	288	5173
172	329	88	309	280	5685
172	332	88	309	279	5175
172	333	89	309	277	5685
172	333	89	309	283	5939
172	332	90	309	287	5939
173	332	89	309	277	6452
173	333	89	309	274	6452
173	333	89	309	284	5941
172	333	89	309	284	5940
173	330	89	309	281	5424
173	328	89	309	286	4909
173	326	88	309	278	5167
173	325	88	309	273	4913
173	324	87	309	271	4913
172	324	87	309	272	4914
172	325	87	309	271	4658
173	327	87	309	275	4914
173	330	88	309	266	5171
173	332	89	309	276	5427
172	336	90	309	276	5170
172	337	91	309	278	5684
172	338	91	309	283	5938
173	335	90	309	284	5938
173	335	90	309	277	5941
173	330	89	309	281	5168
172	334	89	309	279	4910
173	337	90	309	285	4655
173	348	86	309	286	4912
173	350	86	309	299	4916
173	350	87	309	304	5428
173	349	87	309	316	5429
173	348	86	309	317	5431
174	349	86	309	321	5172
174	347	86	309	319	4916
174	347	86	309	308	4920
174	348	87	309	312	4913
174	351	87	309	313	4913
175	345	86	309	313	5169
175	345	86	309	321	5941
174	347	86	309	311	5939
175	344	86	309	309	5940
175	344	86	309	306	6197
174	347	86	309	306	6197
175	349	86	309	305	6196
174	350	86	309	302	6195
174	349	86	309	297	6193
174	350	87	309	306	6194
175	351	87	309	308	6450
175	348	87	309	314	6196
175	346	87	309	314	6196
175	346	86	309	306	6706
175	345	86	309	305	6706
175	346	86	309	305	6706
175	347	86	309	302	6964
175	347	86	309	297	6962
175	347	86	309	297	6706
175	346	86	309	314	6452
175	345	86	309	318	6451
174	345	86	309	313	6195
175	346	86	309	311	6450
175	348	86	309	311	6450
175	348	86	309	315	6448
175	348	87	309	318	6451
175	347	87	309	314	6197
175	350	87	309	314	6197
175	351	87	309	302	6708
175	347	87	309	299	6707
176	351	87	309	294	6962
176	349	88	309	299	6962
176	351	87	309	305	6963
176	350	87	309	308	6706
176	350	87	309	304	6705
175	352	87	309	306	6707
175	353	87	309	306	6195
175	355	88	309	324	5942
176	351	88	309	322	5940
175	349	87	309	326	5424
175	351	87	309	320	5681
175	354	88	309	325	5682
175	354	88	309	325	5682
175	349	88	309	318	5426
175	349	87	309	324	5426
175	349	87	309	318	5167
175	350	87	309	313	5169
176	350	87	309	317	4911
176	348	87	309	311	5430
175	350	87	309	312	5429
176	350	87	309	310	5940
176	351	87	309	314	5685
176	350	87	309	314	6194
176	357	87	309	313	6195
176	359	88	309	317	6451
176	358	89	309	318	6451
176	357	89	309	331	6452
176	356	89	309	327	6448
176	355	89	309	323	6449
177	358	88	309	319	6193
176	362	88	309	314	6191
177	359	90	309	320	6195
176	357	90	309	323	6450
177	356	89	309	330	6449
176	359	89	309	332	6448
177	356	89	309	325	6448
177	355	88	309	329	6449
177	355	88	309	328	6450
177	356	88	309	322	6195
176	357	88	309	322	6193
177	361	89	309	329	5940
176	362	89	309	330	6196
177	360	90	309	329	6197
177	361	90	309	330	6451
177	362	90	309	336	6450
177	363	90	309	333	6452
177	363	90	309	332	6195
177	363	90	309	342	6195
177	362	90	309	335	6194
177	363	90	309	328	6192
177	362	90	309	332	6195
177	363	90	309	334	5940
177	364	90	309	334	6195
177	368	90	309	327	6449
177	364	91	309	327	6449
177	366	90	309	331	6194
177	366	91	309	327	5940
177	365	91	309	317	5431
177	366	91	309	323	5427
177	369	91	309	329	5681
178	368	91	309	336	5938
177	369	91	309	329	6197
177	369	92	309	324	6193
178	370	92	309	326	6198
178	373	92	309	334	6707
178	376	93	309	335	6963
178	378	94	309	335	6961
178	379	94	309	343	7221
178	380	94	309	343	7221
178	381	94	309	341	7478
178	381	95	309	344	7217
178	383	95	309	339	7476
178	382	95	309	337	7472
178	382	95	309	332	7471
178	385	96	309	335	6963
178	382	95	309	336	6707
179	385	95	309	335	6966
179	387	96	309	341	6705
179	390	96	309	345	6706
179	388	98	309	351	6448
178	221	93	309	347	6449
178	146	81	309	347	6449
178	129	71	309	275	6182
177	123	63	309	216	6439
175	117	57	309	131	6445
175	120	54	309	90	6447
174	121	52	309	70	6449
173	120	52	309	70	6449
172	123	53	309	63	6191
171	116	53	309	56	6450
171	116	52	309	54	6451
169	119	50	309	52	6450
168	121	51	309	53	5936
167	123	51	309	50	5423
167	123	53	309	51	5936
165	122	53	309	51	5936
164	119	53	309	50	6192
163	117	53	309	51	5678
162	119	51	309	49	5423
162	120	52	309	48	5685
160	122	52	309	52	4915
159	126	52	309	53	4913
158	125	53	309	53	4913
159	128	54	309	54	4914
159	128	55	309	55	5172
159	126	56	309	54	5167
159	125	55	309	55	5170
159	125	55	309	57	5169
159	126	55	309	57	4662
158	127	54	309	56	4405
158	127	55	309	54	4661
158	126	55	309	55	4660
157	129	55	309	54	4916
156	132	56	309	57	5171
155	137	57	309	57	5171
154	135	59	309	59	4921
154	133	58	309	61	5175
153	135	58	309	62	5430
152	135	59	309	63	5431
151	135	59	309	62	5685
150	135	59	309	60	5686
149	137	59	309	60	5686
149	136	60	309	64	5426
149	138	59	309	64	5421
149	140	60	309	61	5421
148	139	60	309	63	5425
148	138	60	309	63	5174
147	141	60	309	64	4918
146	141	61	309	67	4918
146	142	62	309	71	4919
145	142	61	309	69	5428
144	142	61	309	69	5431
143	142	61	309	66	5686
143	140	60	309	66	5430
142	142	61	309	67	4919
141	143	61	309	65	5176
141	141	62	309	66	4922
140	142	62	309	68	4921
140	142	61	309	68	4665
140	141	61	309	65	4662
139	137	61	309	63	4150
139	136	60	309	63	4407
138	138	60	309	66	4664
137	142	60	309	65	3900
136	138	61	309	67	4154
136	140	60	309	66	4154
135	137	60	309	64	4149
136	136	59	309	64	4150
135	138	59	309	64	4150
134	143	60	309	64	4150
133	144	60	309	64	3386
133	143	62	309	67	3644
132	148	61	309	73	3899
132	148	62	309	65	3640
132	142	64	309	66	3126
132	146	62	309	70	3632
132	147	63	309	71	4145
133	148	64	309	72	4914
134	144	64	309	73	4913
133	140	60	309	73	5173
134	143	61	309	71	5428
135	143	61	309	72	5426
135	149	62	309	70	4916
136	150	64	309	72	5176
136	148	65	309	74	5426
136	153	64	309	76	5177
137	157	67	309	77	5433
138	162	67	309	77	5177
139	167	71	309	81	5688
138	164	71	309	89	4663
137	162	71	309	92	4661
135	161	69	309	92	4405
135	160	69	309	92	4147
133	159	68	309	92	3887
133	158	68	309	90	3887
133	158	68	309	88	3630
133	159	69	309	87	3887
133	159	69	309	87	3887
132	158	68	309	88	3634
130	158	68	309	86	3890
130	158	68	309	86	3890
130	160	69	309	84	3633
130	160	69	309	84	3375
130	160	69	309	84	3375
130	158	68	309	85	3887
130	158	67	309	85	3886
129	160	68	309	85	3633
129	158	69	309	85	3633
128	159	69	309	87	3633
126	159	68	309	89	4147
127	157	68	309	90	4921
126	155	68	309	90	5176
127	155	66	309	90	4920
127	155	67	309	88	4918
127	157	67	309	88	4665
128	156	67	309	87	4919
127	154	67	309	83	4661
128	152	66	309	82	4658
127	150	65	309	82	4658
126	150	65	309	81	4661
126	151	65	309	80	4404
125	153	65	309	81	4404
124	156	66	309	81	4402
124	157	67	309	81	4915
125	161	68	309	81	4146
125	158	68	309	82	3125
125	161	68	309	84	2614
125	161	69	309	84	2614
124	159	70	309	84	2614
124	156	69	309	85	2613
124	154	67	309	85	2871
124	154	66	309	85	2866
123	154	66	309	86	3379
123	153	66	309	85	3379
123	152	65	309	85	4148
123	151	65	309	84	3894
123	152	65	309	82	4150
123	152	66	309	83	4152
121	149	66	309	82	4409
119	150	65	309	83	4918
119	153	65	309	82	4917
119	153	66	309	83	5170
120	151	65	309	81	5168
120	151	65	309	81	5426
119	153	65	309	81	4916
120	154	67	309	82	4919
121	153	66	309	83	4919
120	152	65	309	83	5175
120	153	66	309	81	5430
120	153	66	309	83	5176
120	153	66	309	83	5175
119	154	66	309	83	5175
119	154	66	309	83	5173
121	156	67	309	83	5173
120	155	67	309	84	5427
121	155	66	309	85	5169
119	155	66	309	85	5169
119	155	66	309	85	5175
118	155	67	309	85	4915
119	155	67	309	87	5172
119	155	67	309	86	5429
120	155	67	309	85	5682
119	155	67	309	86	5940
119	154	67	309	85	5172
119	154	66	309	85	4661
121	155	66	309	84	5428
121	155	67	309	82	5176
121	155	66	309	83	5172
120	154	67	309	83	5170
119	156	66	309	83	5428
118	155	67	309	85	5430
118	155	67	309	85	5173
117	154	66	309	85	4917
118	155	67	309	82	4657
119	153	67	309	82	4917
120	153	66	309	83	5172
120	152	66	309	82	5175
121	154	66	309	83	5173
119	154	67	309	83	5172
118	153	66	309	83	5685
118	153	66	309	82	5684
119	152	66	309	82	5425
119	152	66	309	82	4917
119	153	66	309	82	5172
119	153	66	309	81	5685
119	153	66	309	81	5685
118	153	66	309	81	5683
120	149	66	309	81	5686
121	151	65	309	81	5684
120	158	66	309	82	5684
120	156	67	309	82	5428
120	158	67	308	82	5428
119	157	68	308	91	5944
121	156	67	308	93	5691
120	156	67	308	94	5690
120	154	67	308	94	5690
120	156	66	308	96	5428
121	153	67	308	96	5430
122	145	65	308	94	4921
121	142	63	308	90	5175
120	146	62	308	86	5176
122	150	63	308	79	4924
121	153	65	308	78	4668
121	149	66	308	81	4403
121	149	64	308	78	4401
120	149	64	308	75	3890
121	150	65	308	75	3889
120	149	65	308	75	4144
122	145	63	308	75	4401
122	148	62	308	73	4915
121	147	62	308	79	4924
121	151	63	308	79	5689
121	149	65	308	80	5945
120	147	65	308	84	6199
119	147	64	308	85	6198
119	149	64	308	85	6450
118	142	65	308	87	6450
119	143	64	308	89	6197
119	147	62	308	83	5941
119	142	62	308	80	6454
118	151	62	308	75	6199
119	147	63	308	74	5940
119	148	65	308	76	5686
119	146	64	308	78	5942
120	138	63	308	80	5174
121	145	62	308	80	5431
121	145	60	308	75	5687
124	143	61	308	74	5686
125	138	62	308	76	5686
127	135	61	308	78	5431
125	143	59	308	72	5172
125	143	61	308	72	5430
125	148	62	308	72	5433
124	156	63	308	73	5434
124	159	65	308	77	5428
125	161	67	308	81	5167
124	163	69	308	83	4659
124	163	71	308	89	4147
124	160	69	308	90	3637
125	157	69	308	88	3638
123	154	68	308	90	3639
123	156	67	308	89	3639
123	158	68	308	87	3893
123	158	68	308	87	3896
122	157	68	308	88	3636
121	157	67	308	88	3635
122	157	68	308	87	3637
122	156	68	308	87	3380
123	157	67	308	88	3381
123	158	68	308	89	3638
124	157	68	308	88	3636
123	156	67	308	87	3890
122	157	67	308	88	3893
120	158	68	308	88	3895
119	157	68	308	89	3891
118	157	68	308	86	3889
120	160	68	308	85	3889
120	161	70	308	84	3631
120	160	69	308	87	3632
121	159	69	308	89	3634
122	163	69	308	88	3636
124	163	70	308	87	3637
123	162	70	308	89	3633
122	162	69	308	89	3636
122	160	69	308	88	3636
120	159	69	308	89	3381
119	161	68	308	92	4149
119	161	69	308	89	4147
120	164	70	308	89	3887
120	161	70	308	89	4148
120	159	70	308	92	3890
121	160	69	308	91	3893
119	162	69	308	89	3630
120	160	70	308	89	3378
120	160	69	308	88	3379
121	162	69	308	90	4149
122	163	69	308	90	4147
120	162	71	308	91	3893
121	164	70	308	92	3892
119	164	71	308	92	3891
119	165	71	308	92	4150
120	172	71	308	90	3895
120	173	73	308	91	4150
122	159	75	308	98	3641
122	155	60	308	101	3639
123	163	54	308	101	3639
123	167	52	308	101	3383
122	169	50	308	98	3388
121	169	48	308	96	2885
119	171	48	308	104	3134
118	169	48	308	92	3131
117	178	46	308	92	2875
118	187	45	308	100	2875
119	191	47	308	100	2875
120	189	48	308	119	2871
121	181	46	308	119	2863
121	178	46	308	119	2863
123	185	46	308	119	2863
123	188	48	308	123	2608
124	188	48	308	130	2872
124	212	48	308	130	2872
125	288	52	308	130	2872
125	349	52	308	122	2884
128	370	78	308	194	3130
131	387	87	308	194	3130
132	404	94	308	232	3395
135	415	95	308	256	4142
137	423	93	308	256	4142
139	424	93	308	256	4142
141	419	95	308	342	3895
143	425	93	308	356	3382
145	425	93	308	356	3894
147	422	95	308	342	3897
148	425	96	308	359	4663
150	424	96	308	373	4916
151	424	95	308	373	4916
152	420	94	308	414	5939
153	417	94	308	410	5689
154	417	93	308	410	5689
156	412	93	308	370	4922
156	412	93	308	370	4922
157	414	93	308	359	4661
158	411	92	308	376	4404
159	414	92	308	357	4413
158	414	92	308	363	4409
160	412	92	308	356	4659
161	412	92	308	383	5425
162	410	92	308	380	5430
162	410	92	308	369	5430
163	409	91	308	369	4922
164	410	91	308	369	4922
163	411	92	308	365	4662
164	410	92	308	367	4659
165	409	92	308	378	5173
165	411	91	308	367	4909
166	415	92	308	354	4915
166	415	93	308	369	4401
166	416	92	308	386	4659
166	420	93	308	392	4917
167	422	94	308	387	5172
168	420	94	308	387	5172
168	418	94	308	387	5682
168	419	94	308	400	5684
169	418	94	308	383	5940
169	414	94	308	380	5424
169	412	93	308	395	6195
169	409	92	308	367	5940
169	411	92	308	378	5427
170	412	92	308	371	4916
169	414	93	308	373	4915
172	416	93	308	384	4660
171	416	93	308	381	5173
171	419	94	308	395	4661
172	412	94	308	392	4918
172	411	92	308	378	4917
172	406	92	308	398	5428
173	416	92	308	401	5681
173	417	93	308	394	5174
173	414	93	308	392	5173
173	412	93	308	369	5169
173	387	91	308	381	5171
173	287	88	308	357	5425
173	223	80	308	357	5425
173	134	68	308	279	5176
172	91	56	308	31	5174
172	91	44	308	31	5174
171	92	39	308	39	4922
170	92	0	308	0	50
170	88	0	308	0	50
169	96	0	308	0	50
168	97	0	308	0	50
167	97	29	308	48	2101
167	90	29	308	48	2101
165	96	29	308	48	2101
165	97	29	308	52	2101
164	95	29	308	52	2101
163	91	29	308	52	2100
163	96	30	308	52	2100
162	95	30	308	53	2100
160	94	30	308	53	2100
160	94	30	308	54	2099
160	97	30	308	54	2099
159	94	30	308	54	2100
159	95	30	308	54	2100
158	100	30	308	53	2098
157	100	31	308	53	2098
156	97	31	308	54	2610
157	105	32	308	54	2610
157	104	32	308	58	2356
156	101	32	308	58	2356
156	106	32	308	61	2867
155	103	32	308	61	2867
155	102	32	308	60	2357
155	102	32	308	60	2357
153	108	32	308	61	2613
153	103	32	308	66	2355
152	113	33	308	66	2355
151	114	33	308	64	2358
151	116	34	308	64	2358
150	115	37	308	66	2100
149	122	37	308	66	2100
149	126	38	308	73	1845
147	126	38	308	79	1592
147	131	40	308	79	1592
146	128	41	308	79	1592
145	129	40	308	70	1846
145	126	40	308	70	1846
144	125	39	308	61	1587
144	127	39	308	61	1587
142	123	39	308	61	1587
142	124	39	308	56	1590
143	126	39	308	56	1590
141	127	39	308	56	1590
142	131	40	308	71	1331
141	127	40	308	64	1595
140	125	40	308	64	1595
140	130	39	308	64	1595
139	129	39	308	56	1346
139	135	40	308	56	1346
139	135	41	308	56	1346
139	135	41	308	52	1596
138	137	41	308	52	1596
139	136	42	308	57	1850
138	141	43	308	63	1857
137	140	43	308	70	1604
137	145	44	308	70	1604
137	141	44	308	78	1607
137	142	45	308	79	1606
137	145	45	308	78	1853
137	138	45	308	78	1853
137	140	44	308	75	2614
136	138	44	308	66	2615
134	142	44	308	66	2615
134	141	44	308	59	3125
133	141	44	308	63	3125
133	145	44	308	66	2877
134	140	44	308	66	2877
133	142	45	308	61	2874
134	145	45	308	66	2868
133	145	45	308	66	2868
130	143	45	308	66	2868
130	142	45	308	69	2866
129	153	45	308	67	2366
129	161	45	308	69	2363
130	164	47	308	69	2363
129	164	50	308	66	2873
127	173	49	308	66	2873
128	181	50	308	87	3134
131	183	50	308	89	2879
132	195	52	308	93	2626
132	201	53	308	93	2626
133	248	55	308	91	2372
135	309	63	309	95	2369
135	350	76	309	151	3896
139	363	86	309	176	2868
142	378	89	309	183	3375
143	394	87	309	222	3122
145	398	88	309	299	4657
147	403	90	309	324	4914
149	407	91	309	341	4147
150	407	92	309	341	4147
152	415	93	309	357	3634
153	411	93	309	344	3894
155	410	92	309	328	4161
156	406	92	309	327	4412
157	406	91	309	334	4411
158	405	91	309	334	4411
159	403	91	309	360	4152
160	405	91	309	385	5172
161	406	91	309	387	5682
162	407	92	309	384	5686
162	403	91	309	382	4916
162	407	91	309	395	5684
163	410	91	309	377	5423
163	407	92	309	383	5173
163	406	92	309	365	5685
164	404	91	309	366	6196
165	407	91	309	350	5943
165	411	92	309	365	6195
166	411	92	309	371	5430
166	407	91	309	383	5425
166	406	91	309	390	5170
167	408	92	309	362	5175
167	409	92	309	362	5175
168	406	91	309	393	5428
169	411	91	309	384	5425
168	409	92	309	388	5170
168	413	92	309	384	5430
169	413	93	309	373	5940
169	409	92	309	379	5683
170	411	92	309	377	5428
170	409	92	309	392	5429
171	410	92	309	401	4917
171	411	92	309	371	4914
172	414	92	309	376	5170
172	417	94	309	391	4914
172	417	94	309	403	4912
173	421	94	309	395	4915
173	418	94	309	380	5428
173	422	94	309	374	5427
173	419	94	309	374	5427
173	419	94	309	386	5941
174	418	94	309	386	5941
174	415	94	309	400	5939
175	415	93	309	390	6197
175	415	93	309	393	6194
175	415	93	309	393	6194
174	410	93	309	401	6195
175	411	92	309	379	5936
175	410	92	309	392	5682
175	410	92	309	392	5938
176	383	92	309	408	6451
176	277	87	309	383	6194
175	213	87	309	376	6194
175	110	55	309	352	5427
174	110	0	309	0	50
174	54	0	309	0	50
174	54	0	309	0	50
173	37	0	309	0	50
172	62	0	309	0	50
171	81	0	309	0	50
171	88	0	309	0	50
169	85	0	309	0	50
168	85	0	309	0	50
167	81	0	309	0	50
167	90	0	309	0	50
166	90	0	309	0	50
166	90	0	309	0	50
165	90	31	309	47	4405
165	92	31	309	50	3382
164	93	32	309	50	3382
163	98	32	309	54	2870
163	98	33	309	54	2870
163	106	34	309	48	2623
163	102	36	309	48	2114
160	99	38	309	48	2114
160	102	38	309	48	2114
159	101	38	309	56	1859
158	103	38	309	56	1859
158	105	39	309	58	1850
157	103	39	309	54	1598
156	106	39	309	54	1598
156	108	40	309	52	1848
154	108	40	309	52	1848
154	109	40	309	55	1857
152	110	40	309	55	1857
152	108	40	309	61	1600
150	111	41	309	62	1597
150	114	41	309	67	1350
149	110	41	309	65	1605
148	111	42	309	65	1605
147	114	42	309	62	1580
146	116	42	309	57	1846
146	117	43	309	57	1846
146	119	44	309	63	1852
145	118	44	309	62	1847
143	115	44	309	61	2100
143	116	44	309	61	2100
143	121	44	309	56	2356
142	124	44	309	56	2356
142	122	45	309	52	2355
142	123	46	309	48	2355
141	123	46	309	53	2358
141	122	46	309	57	2102
141	120	46	309	64	2358
141	123	46	309	64	2358
139	124	45	309	58	2360
138	125	46	309	53	2612
137	127	46	309	55	2610
137	131	47	309	55	2610
137	132	49	309	59	2868
137	134	49	309	65	2616
137	131	50	309	70	2360
137	131	50	309	64	2356
137	128	50	309	64	2356
136	130	48	309	61	2612
136	131	48	309	55	2865
135	133	49	309	53	2614
135	133	50	309	53	2614
135	135	50	309	67	2104
135	135	50	309	67	2104
135	135	50	309	70	2360
135	140	50	309	70	2360
136	142	51	309	59	2610
135	141	52	309	64	2869
134	139	52	309	64	2869
133	137	52	309	64	2869
133	137	52	309	76	2614
132	134	51	309	73	2358
132	131	51	309	66	2357
132	133	50	309	66	2357
133	137	50	309	61	2611
133	138	50	309	61	2611
133	141	51	309	61	2611
133	145	52	309	72	2614
132	152	53	309	76	2360
131	161	54	309	75	2615
131	163	56	309	69	2606
132	170	55	309	73	2610
132	180	54	309	73	2610
132	189	54	309	73	2361
133	208	53	309	80	2616
134	254	56	309	80	2616
137	306	64	309	80	2616
137	337	75	309	136	3381
139	353	86	309	170	3894
142	367	89	309	179	2625
145	372	91	309	179	2625
146	381	92	309	189	2366
148	390	89	309	239	3127
150	399	87	309	295	3892
151	405	90	309	324	4403
153	409	92	309	349	5941
154	407	92	309	364	5169
154	406	92	309	364	4657
156	411	92	309	380	4403
157	411	92	309	405	4402
158	413	93	309	382	4404
158	409	93	309	365	4153
160	408	92	309	358	4145
160	406	91	309	349	4138
162	405	91	309	352	4145
161	405	91	309	364	4920
162	406	91	309	367	4660
163	411	92	309	377	4660
163	409	92	309	382	5177
163	406	92	309	393	4661
164	407	91	309	374	5177
164	404	91	309	384	4919
166	406	91	309	372	5172
166	403	91	309	380	5425
167	404	91	309	386	4655
167	404	91	309	362	5171
168	403	91	309	361	4914
168	403	91	309	369	4915
169	405	91	309	385	5173
169	403	92	309	389	5428
170	404	91	309	376	5176
170	405	91	309	381	5430
170	407	92	309	360	4914
170	405	92	309	354	4917
170	403	91	309	354	4148
171	405	91	310	359	4658
169	404	91	310	356	4911
173	406	91	310	371	4915
173	405	92	310	363	4914
173	403	92	310	355	4402
173	404	91	310	343	5171
173	402	91	310	342	5428
174	405	91	310	344	4914
174	407	92	310	360	4145
174	405	92	310	360	4145
174	405	91	310	360	4145
174	400	91	310	355	4402
175	402	90	310	370	3889
175	402	91	310	361	3636
175	402	91	310	368	4915
175	399	91	310	377	5169
175	398	90	310	366	5169
176	391	89	310	356	4910
177	387	88	310	344	4661
177	370	87	310	357	4659
177	303	86	310	368	4914
176	206	78	310	350	4658
177	146	68	310	350	4658
176	103	57	310	289	4119
176	63	52	310	18	4124
174	63	0	310	0	50
173	63	0	310	0	50
173	63	0	310	0	50
172	0	0	310	0	50
171	0	38	310	0	50
170	62	35	310	0	50
169	65	0	310	0	50
169	65	0	310	0	50
168	62	0	310	0	50
168	62	0	310	0	50
166	61	0	310	0	50
166	64	0	310	0	50
164	69	0	310	0	50
164	74	29	310	25	1077
164	73	29	310	28	1591
163	76	32	310	28	1591
163	76	33	310	27	1845
162	77	33	310	29	2613
162	76	34	310	29	2613
161	75	33	310	32	3124
161	75	33	310	32	2867
159	77	33	310	32	2867
159	78	33	310	32	2867
158	83	33	310	30	3125
158	83	34	310	30	3125
157	88	35	310	38	3130
157	87	37	310	35	3127
156	92	38	310	35	3127
156	93	40	310	41	3127
154	93	40	310	48	3381
154	94	41	310	47	3125
152	98	42	310	47	3125
152	100	43	310	49	3123
151	98	43	310	49	3123
150	97	44	310	49	3123
150	99	43	310	47	2875
149	96	43	310	47	2875
147	100	43	310	48	3126
147	101	43	310	48	3126
146	101	43	310	49	3126
145	101	44	310	50	3126
144	102	44	310	52	3125
142	105	45	310	53	3123
142	106	46	310	54	3124
140	105	46	310	54	3124
140	107	46	310	55	2868
140	108	46	310	55	2868
139	106	46	310	56	2871
139	105	46	310	55	2617
140	103	47	310	55	2617
139	103	45	310	55	2617
138	103	45	310	50	2622
138	101	45	310	53	2618
136	103	45	310	52	2872
136	108	46	310	52	2872
136	105	46	310	53	2872
136	105	46	310	50	2880
136	107	46	310	52	2619
137	107	47	310	52	2619
136	108	47	310	52	2874
135	111	48	310	54	3132
135	109	48	310	52	3136
134	112	48	310	52	3136
136	117	49	310	59	3134
136	117	50	310	57	3396
136	122	51	310	57	3649
138	121	52	310	53	3902
138	121	52	310	53	3892
138	124	53	310	57	3892
137	130	55	310	61	3895
137	113	56	310	64	4407
136	119	49	310	61	5171
137	119	44	310	53	4157
137	124	40	310	53	4157
138	122	40	310	53	4157
138	131	40	310	58	3387
137	135	39	310	58	3387
136	145	40	310	58	3387
135	153	42	310	64	2867
136	160	44	310	64	2867
135	165	47	310	67	2603
136	179	49	310	73	2608
137	190	52	310	67	2616
137	213	52	310	67	2616
137	234	58	310	87	2360
138	275	60	310	116	3639
138	307	63	310	162	4149
139	324	70	310	191	4911
140	341	76	310	220	5168
141	350	81	310	242	4918
144	358	85	310	247	4655
145	367	88	310	270	4399
147	368	88	310	270	4399
148	373	91	310	294	3891
150	384	89	310	299	3385
151	389	86	310	320	3636
152	389	87	310	320	3636
152	393	88	310	367	4402
154	402	90	310	373	4658
156	401	90	310	390	5170
157	399	90	310	394	4914
158	396	90	310	409	5428
158	390	89	310	400	5428
159	389	88	310	396	5937
160	387	87	310	396	5937
161	389	87	310	375	5939
162	389	88	310	380	5428
162	395	88	310	374	5428
163	390	89	310	381	5685
163	385	88	310	365	5175
164	383	87	310	365	4916
164	385	86	310	352	4408
165	384	86	310	350	5172
166	384	87	310	353	4660
166	382	87	310	347	5171
166	386	87	310	358	5170
166	389	87	310	363	5169
166	392	89	310	381	5681
167	393	88	310	371	4918
167	390	88	310	377	5171
168	390	88	310	386	5170
168	394	89	310	361	4148
168	390	89	310	376	4402
168	392	88	310	375	4658
169	395	89	310	369	4658
169	393	89	310	362	4917
170	396	89	310	347	4660
171	399	89	310	350	4916
170	395	90	310	358	4146
171	395	90	310	348	4149
171	394	89	310	354	3637
171	390	89	310	350	3895
172	391	88	310	363	4148
172	390	89	310	340	4665
172	391	88	310	350	4917
172	394	88	310	346	4917
173	394	89	310	349	5431
173	389	89	310	365	5684
174	389	88	310	359	4919
174	390	87	310	365	4917
175	388	87	310	359	5172
174	386	87	310	348	5172
175	388	87	310	356	4914
175	381	87	310	342	4914
175	380	86	310	361	5171
175	311	85	310	343	5174
175	218	80	310	319	4658
175	182	69	310	319	4658
174	115	0	310	0	50
173	66	0	310	0	50
173	66	0	310	0	50
173	66	0	310	0	50
172	66	0	310	0	50
171	0	0	310	0	50
170	0	0	310	0	50
170	0	0	310	0	50
169	0	0	310	0	50
168	0	0	310	0	50
167	0	0	310	0	50
167	90	0	310	0	50
166	91	0	310	0	50
165	89	48	310	61	30
164	83	46	310	40	1572
163	86	45	310	36	1835
163	86	44	310	36	1835
162	85	45	310	37	1839
161	87	45	310	34	2099
161	84	45	310	38	2357
161	88	45	310	38	2357
160	88	46	310	38	2613
160	86	46	310	41	3127
160	93	46	310	33	3125
159	95	47	310	33	3125
159	99	49	310	41	3889
159	102	51	310	47	3891
158	101	53	310	45	3639
157	101	53	310	46	3894
157	104	54	310	49	3643
157	108	55	310	48	3644
155	109	56	310	52	3901
155	113	56	310	52	3901
153	111	58	310	50	4410
153	111	58	310	50	3644
151	111	58	310	52	3644
151	111	58	310	52	3641
151	111	57	310	53	4149
149	111	57	310	53	4150
148	115	57	310	36	3897
148	116	59	310	54	3894
147	117	60	310	53	4150
146	118	60	310	58	4406
146	116	61	310	60	3897
146	116	61	310	61	4410
144	116	61	310	60	4410
144	116	61	310	61	4665
142	115	60	310	58	4153
141	115	60	310	60	5178
140	114	60	310	57	4923
140	114	60	310	55	4156
139	114	60	310	54	4156
139	116	59	310	56	3896
139	114	60	310	55	3897
138	116	60	310	57	3895
137	115	60	310	55	3894
136	115	61	310	57	4151
135	113	60	310	55	4151
134	116	59	310	54	4148
134	120	60	310	54	3894
135	122	61	310	55	4405
136	112	63	310	57	3892
135	103	62	310	58	4404
135	122	52	310	54	4917
135	130	48	310	60	3650
135	132	46	310	62	2876
135	133	48	310	62	2876
135	137	50	310	56	2616
134	141	52	310	53	2356
135	146	53	310	48	2603
136	148	55	310	49	2861
135	156	54	310	49	2861
135	164	54	310	70	2612
133	166	53	310	78	2609
133	168	53	310	78	2609
133	178	53	310	74	2350
133	178	55	310	74	2350
135	182	56	310	85	2092
136	179	57	310	78	2865
136	178	56	310	78	2865
136	178	55	310	82	2609
135	181	57	310	75	2613
134	180	57	310	75	2101
134	188	57	310	87	2094
133	200	59	310	97	2863
133	218	62	310	98	2865
134	218	62	310	98	2865
136	251	67	310	98	2865
137	285	67	310	105	2620
138	300	71	310	118	2354
139	319	79	310	133	2098
140	327	84	310	173	1318
142	342	86	310	189	2100
144	347	89	310	197	2103
146	345	88	310	219	2100
147	350	88	310	246	1836
148	358	84	310	234	2361
149	376	82	310	253	2614
151	385	83	310	285	3892
151	385	85	310	321	4146
153	394	86	310	330	4918
155	394	89	310	339	4404
156	391	89	310	339	4404
156	393	88	310	357	4404
157	392	88	310	370	5173
158	391	88	310	370	5173
159	390	89	310	378	5429
160	392	88	310	397	5429
161	391	88	310	391	5431
162	387	88	310	370	5168
162	391	87	310	372	4658
163	391	88	310	358	5430
163	387	88	310	376	5683
163	384	88	310	376	5683
164	385	88	310	367	4915
164	386	87	310	343	5170
166	383	87	310	365	4915
166	383	86	310	359	4406
166	383	86	310	363	5171
166	381	86	310	371	5172
167	381	86	310	371	5172
167	383	86	310	359	5171
168	386	87	310	343	4661
168	385	87	310	343	4915
168	382	87	310	341	4916
168	383	87	310	341	4657
169	383	86	310	340	4402
169	381	86	310	339	4657
169	385	87	310	351	4658
170	387	87	310	342	4916
170	386	87	310	358	4915
170	385	87	310	344	4663
170	387	87	310	337	4915
170	390	88	310	345	4916
171	388	88	310	342	4917
172	391	88	310	346	4915
172	396	88	310	346	4402
172	399	89	310	357	4657
172	399	89	310	370	4660
173	395	89	310	368	4914
173	396	89	310	378	4911
173	401	90	310	356	4661
174	398	90	310	364	4147
174	396	90	310	372	5426
174	396	90	310	388	5425
174	391	89	309	367	5169
174	388	89	309	354	5427
174	351	87	309	350	5170
175	241	85	309	333	5171
175	146	75	309	329	4660
175	107	65	309	261	4180
174	54	58	309	261	4180
174	54	0	309	0	50
173	54	0	309	0	50
172	54	0	309	0	50
171	54	0	309	0	50
170	0	0	309	0	50
170	0	31	309	0	50
169	59	31	309	0	50
168	59	0	309	0	50
167	60	0	309	0	50
167	59	0	309	0	50
166	63	0	309	0	50
165	64	30	309	26	2364
165	64	30	309	26	2364
164	64	31	309	29	2616
164	68	32	309	29	2612
162	73	32	309	29	2612
162	73	32	309	29	2868
160	75	33	309	29	2868
160	73	35	309	36	3377
159	73	36	309	36	3377
159	75	36	309	34	3633
158	79	36	309	36	3890
158	78	37	309	36	3890
157	80	37	309	38	3891
156	79	39	309	38	3891
156	78	38	309	42	3633
156	84	38	309	41	3634
155	85	40	309	41	3634
153	86	41	309	42	3635
153	86	42	309	44	3378
153	90	42	309	44	3378
151	94	43	309	46	3378
150	94	44	309	45	3383
150	90	44	309	45	3637
149	88	44	309	45	3637
147	88	43	309	43	3386
146	88	41	309	42	3385
145	85	41	309	44	3895
144	86	42	309	44	3895
143	90	41	309	45	3381
142	90	41	309	46	3635
141	87	41	309	46	3635
141	87	42	309	45	3383
140	90	42	309	46	3126
139	89	42	309	46	3126
138	91	43	309	47	3382
137	89	43	309	46	3382
137	87	43	309	49	3381
136	93	43	309	49	3381
136	93	44	309	48	3381
135	94	45	309	45	3384
135	93	45	309	45	3384
135	92	45	309	48	3383
134	95	45	309	48	3384
134	96	45	309	49	3382
134	96	45	309	49	3382
132	96	46	309	51	3896
132	98	47	309	49	3641
131	97	46	309	52	3382
131	97	46	309	49	3897
131	94	46	309	49	3897
131	91	46	309	49	3647
130	93	46	309	50	3645
129	99	44	309	52	3387
128	97	45	309	52	3387
127	98	47	309	53	3130
127	100	47	309	51	3134
127	100	47	309	51	2881
127	99	47	309	48	3135
127	98	48	309	48	3135
128	99	48	309	50	2877
129	98	47	309	47	3387
129	102	48	309	48	3643
129	101	48	309	48	3643
129	106	49	309	47	3389
128	112	51	309	50	3137
128	109	53	309	53	3121
129	81	49	309	52	3637
129	94	39	309	52	3637
127	106	39	309	36	2874
127	107	45	309	44	2874
127	109	48	309	47	3382
129	111	50	309	47	3382
129	114	52	309	49	3373
130	114	54	309	49	3373
128	112	55	309	50	3629
127	112	54	309	56	3891
126	115	53	309	54	4145
126	118	54	309	51	4910
126	117	55	309	53	4915
126	109	58	309	57	5428
127	107	59	309	59	6196
127	107	56	309	55	5686
125	105	56	309	54	5177
124	106	54	309	54	5177
123	103	54	309	55	5689
122	104	54	309	54	4921
122	100	54	309	54	4666
121	95	53	309	55	4919
120	97	51	309	51	4664
120	95	50	309	50	4153
120	96	50	309	48	3898
119	95	50	309	48	3898
118	98	50	309	47	4155
117	99	51	309	47	3895
117	102	52	309	49	3634
117	98	52	309	53	4149
117	101	52	309	50	3895
116	101	52	309	49	4147
117	102	52	309	49	4147
117	99	53	309	48	4147
117	96	52	309	48	4149
117	92	50	309	50	4406
118	62	48	309	48	4149
117	71	0	309	0	50
118	81	0	309	0	50
117	106	42	309	25	834
117	104	48	309	53	834
118	107	52	309	55	1597
119	101	54	309	54	2105
118	102	53	309	50	2616
118	102	53	309	51	3639
117	103	53	309	51	3640
116	102	54	309	50	3129
115	102	53	309	50	3129
115	102	53	309	52	3644
115	105	54	309	51	3897
114	101	54	309	51	4153
115	105	54	309	51	4154
114	105	54	309	50	4152
115	105	55	309	48	4152
114	104	54	309	48	3893
114	102	54	309	46	4153
114	102	54	309	50	4153
115	105	54	309	50	4153
114	103	54	309	50	4409
114	105	55	309	48	3895
114	103	54	309	47	3384
113	100	53	309	51	3642
113	100	52	309	51	3641
113	100	52	309	47	3641
114	123	53	309	49	3892
114	123	54	309	47	4152
119	87	0	309	51	50
115	87	0	309	0	50
115	87	0	309	0	50
115	0	0	309	0	50
116	0	0	309	0	50
117	0	0	309	0	50
118	103	0	309	0	50
118	120	55	309	3	50
118	121	57	309	3	50
118	118	61	309	73	4155
119	119	62	309	70	3897
119	118	62	309	68	3895
120	119	62	309	65	4405
120	119	62	309	65	4405
119	113	61	309	65	4400
119	114	60	309	67	5938
118	112	59	309	63	5683
117	116	59	309	63	5683
117	113	60	309	61	4919
117	116	60	309	64	5429
117	114	60	309	60	5175
117	115	59	309	61	5687
117	116	60	309	60	4917
117	114	60	309	60	4916
117	116	60	309	60	4914
117	114	60	309	62	5682
116	118	60	309	60	5426
116	115	61	309	59	4659
116	116	60	309	63	5431
116	116	61	309	59	4919
116	114	60	309	62	5175
115	117	60	309	60	5173
115	115	60	309	58	4663
115	115	60	309	59	4404
114	113	60	309	59	4404
114	113	58	309	54	4406
113	113	58	309	59	4409
114	112	59	309	61	4412
114	117	59	309	66	4152
114	116	59	309	60	4153
113	117	60	309	63	4664
113	116	60	309	60	4408
114	118	61	309	59	4406
114	117	61	309	59	4914
114	115	60	309	64	5686
114	115	60	309	64	5176
114	114	60	309	61	4668
114	113	60	309	64	4412
113	116	60	309	62	4412
114	114	60	309	59	3896
114	120	60	309	61	3893
115	121	61	309	58	3640
115	121	62	309	58	3640
115	121	63	309	60	3893
116	120	63	309	62	3638
115	124	63	309	63	3639
116	123	63	309	66	4152
117	123	64	309	66	4150
117	123	64	309	67	4150
118	123	64	309	66	4407
118	122	64	309	68	4916
119	122	64	309	68	5426
117	123	64	309	69	6451
117	124	64	309	69	6195
117	126	65	309	69	6454
117	121	65	309	72	6455
119	127	64	309	70	5942
119	126	65	309	68	5686
119	130	66	309	68	5175
118	130	68	309	66	4661
118	130	68	309	70	4149
118	131	68	309	73	4916
118	131	68	309	74	4663
119	126	68	309	76	4917
119	129	67	309	77	4662
119	127	67	309	76	4408
119	127	67	309	77	5176
119	129	66	309	75	4920
119	128	67	309	76	4920
118	128	67	309	75	4407
118	130	67	309	77	5173
118	128	67	309	75	4662
118	127	67	309	74	4919
118	131	66	309	75	4919
119	131	67	309	74	4918
119	131	68	309	73	3893
118	127	68	309	74	3891
119	130	67	309	73	3635
118	128	68	309	73	3891
118	131	68	309	73	3382
117	130	68	309	77	3892
117	131	68	309	77	3381
117	131	68	309	78	3892
118	131	68	309	76	3893
118	126	67	309	74	3892
118	129	67	309	74	4147
117	128	67	309	74	4658
117	129	67	309	74	4658
116	128	67	309	73	3894
116	128	68	309	70	3130
115	130	67	310	70	3896
114	128	68	310	71	3638
113	130	67	310	71	3894
113	126	66	310	69	3380
112	128	67	310	70	4151
112	126	66	310	72	4662
113	126	66	310	71	4660
114	128	66	310	72	5173
115	127	66	310	73	5432
116	129	67	310	71	5431
117	132	67	310	69	4919
117	136	67	310	69	4661
118	135	68	310	70	4663
117	136	70	310	70	4663
118	137	71	310	72	4404
119	135	71	310	78	4918
119	132	71	310	80	4917
118	134	69	310	82	5173
119	133	69	310	80	4660
119	130	68	310	80	4914
120	130	68	310	80	4914
119	129	67	310	78	4659
119	136	67	310	76	3893
120	135	68	310	75	3892
120	136	69	310	75	3892
120	137	71	310	78	4660
120	141	72	310	79	4914
121	140	72	310	81	5170
123	138	73	310	80	4402
123	137	72	310	81	4147
124	136	72	310	80	4403
124	136	71	310	81	4404
123	136	70	310	79	4405
122	135	70	310	80	3639
122	140	71	310	81	3639
121	147	72	310	81	3638
121	143	74	310	83	3893
121	107	72	310	84	3637
121	89	66	310	87	3638
120	124	54	310	87	3638
120	129	48	310	75	3129
120	146	45	310	73	2876
120	146	38	310	73	2876
119	149	35	310	73	2876
119	145	34	310	73	2876
120	140	34	310	85	2613
120	151	33	310	85	2613
121	160	34	310	99	2359
121	178	34	310	99	2359
122	183	35	310	115	2357
123	191	37	310	129	2613
124	191	38	310	129	2613
124	206	41	310	140	2868
125	254	41	310	151	3379
125	361	42	310	151	3379
126	421	50	310	162	3637
128	464	65	310	162	3637
130	485	80	310	324	3892
131	467	90	310	384	4402
132	483	96	310	486	4658
135	494	98	310	506	4659
136	491	100	310	530	5171
140	496	102	310	567	4915
141	496	104	310	584	4915
143	491	104	310	556	4661
145	496	104	310	551	5684
146	491	104	310	549	5426
148	480	104	310	580	5939
148	455	103	310	605	5426
152	391	101	310	575	5679
153	281	95	310	544	5423
153	223	83	310	544	5423
153	146	67	310	438	5427
154	121	53	310	348	5201
155	96	41	310	348	5201
155	99	35	310	202	5182
154	113	0	311	0	50
154	92	0	311	0	50
154	103	0	311	0	50
152	114	0	311	0	50
153	98	0	311	0	50
152	105	0	311	0	50
151	105	0	311	0	50
151	97	0	311	0	50
149	99	0	311	0	50
149	102	0	311	0	50
148	105	0	311	0	50
147	101	0	311	0	50
147	99	0	311	0	50
147	117	0	311	0	50
146	115	0	311	0	50
146	94	0	311	0	50
146	111	0	311	0	50
145	110	0	311	0	50
145	90	0	311	0	50
145	109	0	311	0	50
144	112	0	311	0	50
144	95	0	311	0	50
144	102	0	311	0	50
143	120	0	311	0	50
144	129	0	311	0	2098
144	132	0	311	0	50
143	137	0	311	0	50
142	143	30	311	0	50
142	135	30	311	108	2357
142	134	30	311	108	2357
142	135	30	311	94	2357
142	135	30	311	94	2357
142	139	30	311	99	2356
141	139	30	311	99	2356
140	127	29	311	99	2356
140	135	30	311	99	2355
139	140	30	311	99	2355
138	149	30	311	99	2355
138	230	30	311	0	50
140	326	33	311	0	50
140	385	47	311	0	2354
141	439	66	311	0	3378
143	469	81	311	358	4657
143	488	93	311	358	4913
146	494	102	311	398	5424
145	496	107	311	545	6196
147	504	109	311	608	6194
151	501	111	311	634	6198
151	496	113	311	635	6451
153	496	113	311	565	5947
156	428	110	311	544	5179
157	393	105	311	574	5433
157	303	98	311	627	6454
158	215	87	311	627	6454
159	123	70	311	519	6456
159	85	56	311	415	6200
159	73	0	311	0	50
159	73	0	311	0	50
158	42	0	311	0	50
158	58	0	311	0	50
158	76	0	311	0	50
157	76	0	311	0	50
156	64	0	311	0	50
157	74	0	311	0	50
156	53	0	311	0	50
155	82	0	311	0	50
154	51	0	311	0	50
154	65	0	311	0	50
152	65	0	311	0	50
152	62	0	311	0	50
152	88	0	311	0	50
152	79	0	311	0	50
151	102	0	311	0	50
151	83	0	311	0	50
150	98	0	311	0	50
149	82	0	311	0	50
150	88	0	311	0	50
149	90	0	311	0	50
149	96	0	311	0	50
149	84	0	311	0	50
148	102	0	311	0	50
148	112	0	311	0	50
148	87	0	311	0	50
147	84	0	311	0	50
146	101	0	311	0	50
146	96	0	311	0	50
145	120	0	311	0	50
145	120	0	311	0	50
145	102	0	311	0	50
144	114	0	311	0	50
143	133	0	311	0	50
143	123	0	311	0	50
143	129	33	311	109	2873
142	119	33	311	109	2873
143	112	31	311	114	3125
142	123	31	311	114	3125
141	120	30	311	112	3123
141	135	30	311	112	3123
141	180	31	311	108	2356
141	286	35	311	120	2362
142	358	52	311	120	2362
142	416	72	311	174	3134
145	439	88	311	218	3900
146	460	101	311	370	4920
146	465	109	311	482	5681
147	471	115	311	489	4917
151	474	118	311	448	4409
154	473	121	311	493	4647
155	474	122	311	418	4135
155	477	123	311	411	3614
156	474	122	311	425	5416
158	463	121	311	396	4913
161	461	120	311	404	4669
160	379	119	311	375	3885
162	283	105	311	366	4651
162	207	84	311	331	4389
163	108	67	311	269	4406
163	72	52	311	217	3904
163	80	0	311	0	50
163	72	0	311	0	50
163	83	0	311	0	50
163	91	0	311	0	50
162	66	0	311	0	50
162	66	0	311	0	50
162	51	0	311	0	50
160	51	0	311	0	50
159	32	0	311	0	50
158	65	0	311	0	50
158	71	0	311	0	50
157	61	0	311	0	50
157	69	0	311	0	50
156	71	0	311	0	50
155	71	0	311	0	50
154	57	0	311	0	50
154	66	0	311	0	50
152	54	0	311	0	50
152	54	0	311	0	50
150	74	0	311	0	50
151	59	0	311	0	50
150	66	0	311	0	50
150	92	0	311	0	50
150	82	0	311	0	50
149	88	0	311	0	50
149	78	0	311	0	50
149	81	0	311	0	50
149	76	0	311	0	50
148	73	0	311	0	50
149	86	0	311	0	50
148	86	0	311	0	50
147	83	0	311	0	50
148	89	0	311	0	50
146	77	0	311	0	50
146	83	0	311	0	50
145	75	0	311	0	50
144	92	0	311	0	50
143	79	0	311	0	50
143	85	0	311	0	50
141	98	0	311	0	50
142	108	0	311	0	50
141	211	0	311	0	50
143	327	65	311	104	845
143	409	73	311	442	1335
144	435	89	311	283	1873
147	463	102	311	344	2614
149	473	111	311	437	3387
151	473	117	311	430	3392
150	482	119	311	377	3380
154	482	121	311	372	3892
153	468	122	311	407	3649
155	473	122	311	426	3635
157	464	121	312	417	3392
157	455	120	312	424	4143
160	453	118	312	394	4137
161	450	117	312	377	4397
163	344	112	312	484	4146
163	234	91	312	454	4405
164	110	0	312	0	50
164	110	0	312	0	50
165	52	0	312	0	50
164	52	0	312	0	50
163	52	0	312	0	50
163	52	0	312	0	50
162	0	0	312	0	50
162	0	0	312	0	50
160	0	0	312	0	50
159	0	0	312	0	50
158	0	0	312	0	50
157	0	0	312	0	50
157	64	0	312	0	50
155	54	0	312	0	50
155	83	0	312	0	50
155	76	0	312	0	50
154	65	0	312	0	50
153	82	0	312	0	50
153	66	0	312	0	50
152	64	0	312	0	50
152	82	0	312	0	50
151	67	0	312	0	50
151	63	0	312	0	50
151	63	0	312	0	50
151	69	0	312	0	50
150	62	0	312	0	50
149	71	0	312	0	50
149	62	0	312	0	50
149	66	0	312	0	50
148	77	0	312	0	50
148	66	0	312	0	50
147	89	0	312	0	50
148	97	0	312	0	50
146	101	0	312	0	50
146	93	0	312	0	50
146	86	0	312	0	50
146	102	0	312	0	50
145	94	0	312	0	50
145	110	0	312	0	50
145	100	0	312	0	50
145	107	0	312	0	50
145	104	0	312	0	50
145	123	0	312	0	50
145	202	0	312	0	50
146	323	50	312	0	50
147	408	68	312	105	1853
146	435	68	312	285	1588
149	450	87	312	253	2627
150	457	109	312	333	3631
155	463	109	312	411	4148
155	470	114	312	358	4147
154	453	117	312	338	3643
157	460	117	312	415	5932
159	465	120	312	384	3117
162	467	121	312	372	2855
162	464	121	312	373	2849
162	458	120	312	373	2849
163	457	117	312	357	4129
165	401	117	312	340	4127
165	278	104	312	398	4143
166	199	0	312	0	50
166	124	0	312	0	50
166	64	0	312	0	50
165	66	0	312	0	50
166	60	0	312	0	50
165	60	0	312	0	50
164	54	0	312	0	50
164	60	31	312	0	50
162	67	31	312	34	3642
162	69	33	312	31	3641
161	95	38	312	31	3385
160	90	46	312	70	2874
159	90	50	312	49	2370
158	90	48	312	49	2370
158	85	47	312	46	2625
157	83	47	312	46	2625
156	77	44	312	45	2623
155	78	42	312	45	2623
154	75	42	312	45	2623
153	75	40	312	43	3131
152	79	40	312	37	3131
152	69	39	312	37	3131
152	67	38	312	35	3124
152	72	36	312	35	3124
151	63	36	313	36	2868
151	61	36	313	33	2865
150	75	33	313	33	2865
149	72	33	313	36	2867
148	72	36	313	36	2867
148	76	38	313	40	2865
148	76	38	313	41	2610
147	77	39	313	41	2610
147	74	39	313	44	2864
147	74	39	313	43	3121
147	81	40	313	43	3121
146	82	40	313	41	2866
146	82	42	313	45	3125
146	84	44	313	45	3125
145	82	43	313	46	2871
144	82	44	313	46	3382
144	89	44	313	46	3382
144	92	45	313	48	3126
142	93	46	313	45	2872
141	95	48	313	48	3126
140	101	50	313	47	3131
140	102	52	313	51	3134
139	108	53	313	51	3134
138	107	55	313	56	3388
137	110	56	313	59	3641
137	113	58	313	58	3387
136	122	60	313	64	3641
134	127	61	313	66	3643
134	124	63	313	70	3900
135	125	65	313	70	3896
135	123	64	313	69	3128
134	122	64	313	66	3125
134	121	62	313	63	3381
134	123	63	313	64	3893
133	121	63	313	64	4147
133	121	63	313	64	4148
133	124	63	313	65	3894
133	122	63	313	65	3641
132	122	63	313	66	3639
132	119	63	313	66	4150
132	119	62	313	68	4152
131	118	61	313	66	3641
129	118	61	313	59	3642
129	120	61	313	62	3642
129	119	62	313	60	3640
130	117	61	313	63	3637
130	112	61	313	66	3383
131	117	59	313	70	3640
130	119	58	313	66	3388
130	118	59	313	67	3645
129	119	61	313	64	3645
128	117	61	313	68	3643
127	116	61	313	70	3897
127	114	61	313	65	3897
126	110	59	313	64	4410
127	111	58	313	60	4153
126	111	57	313	60	3896
126	116	58	313	59	3643
126	115	59	313	62	3642
125	114	59	313	65	3898
125	116	59	313	63	3639
124	113	59	313	63	3893
124	116	59	313	58	3635
125	110	59	313	60	3376
124	112	58	313	54	2864
123	113	57	313	57	2869
124	114	59	313	59	3128
124	113	58	313	59	2876
124	111	58	313	60	3131
122	113	57	313	59	3131
122	110	57	313	62	3382
121	112	57	313	58	3893
121	114	58	313	59	3381
122	113	58	313	60	3895
122	112	57	313	63	4410
122	114	58	313	61	3647
122	114	59	313	66	4158
121	113	59	313	66	4158
120	112	59	313	66	4159
120	114	58	313	59	3901
119	107	57	313	61	3899
119	111	56	313	57	3643
119	109	56	313	54	3390
120	110	57	313	56	3643
120	106	56	313	58	3646
120	106	55	313	56	3642
119	106	55	313	56	3385
118	113	56	313	50	2880
118	113	59	313	50	2880
118	113	58	313	56	3133
117	117	59	313	54	3128
117	114	60	313	59	3385
118	117	60	313	63	3896
118	117	61	313	65	3386
119	112	59	313	70	3641
119	116	58	313	65	3642
119	111	59	313	67	3385
119	113	59	313	65	3898
120	109	58	313	66	3133
119	114	57	313	64	3131
120	115	58	313	64	3131
120	116	60	313	60	2873
119	116	60	313	63	3128
120	114	59	313	60	3383
119	117	60	313	63	3641
119	115	59	313	68	3895
119	117	59	313	69	3385
118	111	59	313	67	3134
118	115	59	313	66	3133
118	114	59	313	67	3133
118	113	59	313	68	3386
118	115	58	313	68	3386
119	113	59	313	62	3126
118	111	58	313	59	3380
119	115	58	313	61	3379
119	114	58	313	58	3384
119	116	59	313	57	3387
118	115	59	313	62	3388
118	115	59	313	57	3383
118	113	59	313	60	3386
118	112	58	313	64	3386
118	113	58	313	61	3132
118	109	57	313	63	3387
118	111	57	313	61	3130
118	108	57	313	62	3387
118	112	57	313	60	3385
118	109	57	313	57	3382
116	111	57	313	56	3129
116	111	57	313	61	3388
115	109	57	313	57	3389
115	113	57	313	57	3640
115	111	57	313	55	3892
114	110	58	313	57	4148
115	112	57	313	55	4149
114	109	57	313	52	3891
114	109	57	313	57	4150
114	106	57	313	57	3639
114	117	55	313	57	3639
114	124	58	313	55	3899
114	123	61	313	55	3899
115	124	63	313	67	3892
115	124	65	313	68	3637
115	123	64	313	67	3636
115	123	64	313	67	4148
116	124	64	313	67	4148
115	125	64	313	67	4147
115	123	65	313	68	3895
115	124	64	313	69	3898
115	121	64	313	67	3641
114	122	63	313	69	3638
114	122	62	313	70	3636
114	122	63	313	71	3895
114	124	63	313	69	3893
115	122	63	313	70	4147
115	125	64	313	71	3895
114	118	64	313	71	3640
114	120	64	313	71	3640
114	124	63	313	70	3386
115	126	62	313	65	3127
115	123	63	313	62	3129
115	120	63	313	62	3129
114	122	62	313	65	3129
114	122	62	313	66	3129
113	123	62	313	70	2867
114	123	63	313	67	3382
115	122	64	313	72	3128
116	121	64	313	72	3128
115	120	64	313	72	3127
115	122	63	313	71	2874
113	119	62	313	72	2873
113	123	62	313	69	3128
114	123	63	313	69	3131
115	125	64	313	69	3131
115	125	64	313	69	3131
115	123	64	313	69	2875
114	123	64	313	71	3901
114	125	64	313	69	3642
114	123	64	313	69	3642
115	127	64	313	70	3642
114	124	65	313	68	3644
113	125	64	313	68	3132
114	122	63	313	68	3132
113	124	63	313	70	3131
114	125	64	313	69	2875
114	123	64	313	70	3131
114	123	64	313	71	3385
115	117	62	313	68	3386
115	120	61	313	63	3130
115	119	61	313	66	3129
115	124	62	313	66	3129
114	119	62	313	62	3126
113	124	62	313	64	3640
113	124	64	313	66	3130
113	123	64	313	66	3130
113	119	64	313	66	3132
114	119	62	313	67	3382
114	121	63	313	67	3639
114	125	63	313	69	3381
114	123	64	313	67	3380
114	124	65	313	66	3635
113	124	64	313	68	3638
113	131	64	313	70	4150
113	127	65	313	70	4152
113	130	67	313	74	4659
114	130	67	313	74	4659
114	133	67	313	74	4146
114	130	68	313	72	3640
115	129	67	313	77	3129
115	131	67	313	75	2869
114	131	67	313	71	2620
115	130	67	313	73	2878
114	130	67	313	75	2875
114	129	67	313	73	2876
114	128	66	313	74	2876
114	125	65	313	74	3131
114	123	64	313	75	3386
113	124	63	313	74	3385
114	127	63	313	74	2874
114	127	62	313	71	3130
113	118	63	313	72	3134
112	120	62	313	74	2880
112	116	61	313	67	2879
113	115	60	313	59	2875
112	124	60	313	58	3127
112	122	61	313	65	3126
113	120	63	313	66	3125
112	117	61	313	70	3897
113	122	62	313	70	3387
112	118	62	313	74	3389
112	120	62	313	70	3387
112	118	62	313	65	3132
111	118	61	313	64	3390
110	119	61	313	62	3382
110	113	61	313	64	3380
110	116	60	313	65	3384
110	117	59	313	58	3130
111	122	60	313	57	3638
111	119	62	313	57	3638
112	122	62	313	64	3130
112	120	63	313	66	3386
111	121	62	313	67	3132
110	122	63	313	68	3131
109	116	62	313	70	3130
109	116	62	313	70	3130
109	116	61	313	64	3382
109	119	61	313	61	3637
109	116	61	313	63	3385
109	116	60	313	59	3636
109	117	60	313	65	3636
109	118	61	313	60	3638
109	116	61	313	61	3383
108	118	60	313	64	3893
108	113	61	313	63	3900
108	117	60	313	67	4152
109	118	59	313	67	3641
109	118	60	313	68	4156
109	116	61	313	69	4156
110	115	61	313	67	3899
110	118	60	313	66	3643
110	114	59	313	65	3895
109	116	59	313	64	3640
108	113	60	313	65	3387
108	117	59	313	66	3638
107	115	60	313	65	3384
108	114	60	313	66	3384
110	113	59	313	61	3897
109	118	59	313	63	3643
110	117	60	313	68	3642
109	118	61	313	67	3644
109	117	61	313	68	3900
109	114	61	313	69	3901
108	110	59	313	69	3901
107	109	58	313	62	4409
107	109	56	313	62	3903
106	108	56	313	55	4160
106	107	56	313	55	3903
106	103	55	313	52	3394
106	104	54	313	56	3393
106	102	54	313	53	3387
106	106	53	313	53	3388
105	106	54	313	58	2880
106	106	55	313	58	2880
106	105	55	313	64	2878
106	106	55	313	61	3131
105	102	54	313	61	3127
106	106	53	313	55	3384
105	107	54	313	57	3384
106	111	55	313	53	3390
106	109	56	313	53	3390
106	104	55	313	57	3387
106	106	54	313	51	3383
107	106	55	313	46	3895
106	102	55	313	46	3895
106	107	53	313	46	3895
106	105	55	313	50	3390
105	99	53	313	54	3390
105	100	51	313	54	3391
106	100	51	313	53	3136
107	101	53	313	59	3643
107	101	53	313	58	3643
108	99	53	313	58	3643
108	96	51	313	58	3390
108	94	50	313	54	3389
108	98	49	313	51	3127
107	89	50	313	50	3379
107	102	49	313	47	2865
107	101	47	313	47	2865
108	100	50	313	52	2873
108	99	51	313	52	3131
108	102	51	313	56	3130
108	110	52	313	54	3380
108	110	54	313	57	3380
108	106	56	313	57	3384
108	110	56	313	57	3389
109	106	56	313	60	3387
109	106	54	313	60	3387
109	104	54	313	59	3131
109	102	54	313	60	3134
109	105	53	313	61	3131
109	99	54	313	59	2879
109	95	53	313	56	3129
107	64	50	313	53	3385
106	64	0	313	0	50
